0.040000
0.030000
0.040000
0.040000
0.030000
0.040000
0.030000
0.040000
0.040000
0.030000
0.040000
0.030000
0.040000
0.040000
0.030000
0.040000
0.030000
0.040000
0.040000
0.030000
0.040000
0.030000
0.040000
0.040000
0.030000
0.040000
0.040000
0.030000
0.040000
0.040000
0.030000
0.040000
0.040000
0.030000
0.040000
0.040000
0.030000
0.040000
0.030000
0.040000
0.040000
0.030000
0.040000
0.030000
0.040000
0.030000
0.040000
0.040000
0.030000
0.040000
0.030000
0.040000
0.030000
0.040000
0.040000
0.030000
0.040000
0.030000
0.040000
0.040000
0.030000
0.040000
0.030000
0.040000
0.030000
0.040000
0.030000
0.040000
0.040000
0.030000
0.040000
0.030000
0.040000
0.030000
0.040000
0.040000
0.030000
0.040000
0.030000
0.040000
0.040000
0.030000
0.040000
0.030000
  2415.023   1837.902 0 # matmult_nmk
