0.030000
0.020000
0.020000
0.030000
0.020000
0.020000
0.020000
0.020000
0.020000
0.030000
0.020000
0.020000
0.020000
0.020000
0.020000
0.030000
0.020000
0.020000
0.020000
0.020000
0.020000
0.030000
0.020000
0.020000
0.020000
0.020000
0.020000
0.030000
0.020000
0.020000
0.020000
0.020000
0.020000
0.030000
0.020000
0.020000
0.020000
0.020000
0.030000
0.020000
0.020000
0.020000
0.020000
0.020000
0.030000
0.020000
0.020000
0.020000
0.020000
0.030000
0.020000
0.020000
0.020000
0.020000
0.020000
0.030000
0.020000
0.020000
0.020000
0.020000
0.020000
0.020000
0.030000
0.020000
0.020000
0.020000
0.020000
0.020000
0.020000
0.020000
0.030000
0.020000
0.020000
0.020000
0.020000
0.020000
0.020000
0.030000
0.020000
0.020000
0.020000
0.020000
0.020000
0.020000
0.030000
0.020000
0.020000
0.020000
0.020000
0.020000
0.020000
0.030000
0.020000
0.020000
0.020000
0.020000
0.020000
0.020000
0.030000
0.020000
0.020000
0.020000
0.020000
0.020000
0.020000
0.030000
0.020000
0.020000
0.020000
0.020000
0.020000
0.020000
0.030000
0.020000
0.020000
0.020000
0.020000
0.020000
0.020000
0.020000
0.030000
0.020000
0.020000
0.020000
0.020000
0.020000
0.020000
0.030000
0.020000
0.020000
0.020000
0.020000
0.020000
0.020000
0.020000
0.030000
0.020000
0.020000
0.020000
0.020000
  1361.273   1298.949 0 # matmult_nkm
