0.060000
0.060000
0.060000
0.050000
0.060000
0.060000
0.050000
0.060000
0.060000
0.050000
0.060000
0.060000
0.050000
0.060000
0.060000
0.050000
0.060000
0.060000
0.050000
0.060000
0.060000
0.050000
0.060000
0.060000
0.050000
0.060000
0.060000
0.050000
0.060000
0.060000
0.050000
0.060000
0.060000
0.050000
0.060000
0.060000
0.050000
0.060000
0.060000
0.050000
0.060000
0.060000
0.050000
0.060000
0.060000
0.050000
0.060000
0.060000
0.050000
0.060000
0.050000
0.060000
0.060000
  2415.023   1167.132 0 # matmult_nkm
