0.040000
0.040000
0.030000
0.030000
0.040000
0.030000
0.030000
0.040000
0.030000
0.030000
0.040000
0.030000
0.030000
0.040000
0.030000
0.040000
0.030000
0.030000
0.040000
0.030000
0.030000
0.040000
0.030000
0.030000
0.040000
0.030000
0.030000
0.040000
0.030000
0.030000
0.040000
0.030000
0.040000
0.030000
0.040000
0.030000
0.040000
0.040000
0.030000
0.040000
0.030000
0.030000
0.040000
0.030000
0.040000
0.030000
0.030000
0.040000
0.030000
0.030000
0.040000
0.030000
0.030000
0.040000
0.030000
0.030000
0.040000
0.030000
0.040000
0.030000
0.030000
0.040000
0.030000
0.030000
0.040000
0.030000
0.030000
0.040000
0.030000
0.030000
0.040000
0.030000
0.040000
0.030000
0.030000
0.040000
0.030000
0.030000
0.040000
0.030000
0.030000
0.040000
0.030000
0.030000
0.040000
0.030000
0.030000
0.040000
0.030000
  1361.273    828.328 0 # matmult_nmk
