0.030000
0.040000
0.030000
0.040000
0.030000
0.040000
0.040000
0.030000
0.040000
0.030000
0.040000
0.030000
0.040000
0.030000
0.040000
0.030000
0.040000
0.030000
0.040000
0.030000
0.040000
0.030000
0.030000
0.040000
0.030000
0.040000
0.030000
0.040000
0.030000
0.040000
0.030000
0.040000
0.030000
0.040000
0.030000
0.040000
0.030000
0.040000
0.030000
0.030000
0.040000
0.030000
0.040000
0.030000
0.030000
0.040000
0.030000
0.040000
0.030000
0.040000
0.030000
0.030000
0.040000
0.030000
0.040000
0.030000
0.030000
0.040000
0.030000
0.040000
0.030000
0.040000
0.030000
0.040000
0.030000
0.040000
0.030000
0.040000
0.030000
0.040000
0.030000
0.040000
0.030000
0.030000
0.040000
0.030000
0.040000
0.030000
0.040000
0.030000
0.040000
0.030000
0.040000
0.030000
0.040000
0.030000
0.040000
  3768.773   3717.349 0 # matmult_mkn
