0.020000
0.020000
0.010000
0.020000
0.020000
0.020000
0.010000
0.020000
0.020000
0.010000
0.020000
0.020000
0.020000
0.010000
0.020000
0.020000
0.010000
0.020000
0.020000
0.020000
0.010000
0.020000
0.020000
0.010000
0.020000
0.020000
0.020000
0.010000
0.020000
0.020000
0.010000
0.020000
0.020000
0.020000
0.010000
0.020000
0.020000
0.010000
0.020000
0.020000
0.010000
0.020000
0.020000
0.010000
0.020000
0.020000
0.010000
0.020000
0.020000
0.020000
0.010000
0.020000
0.020000
0.010000
0.020000
0.020000
0.020000
0.010000
0.020000
0.020000
0.010000
0.020000
0.020000
0.020000
0.010000
0.020000
0.020000
0.010000
0.020000
0.020000
0.020000
0.010000
0.020000
0.020000
0.010000
0.020000
0.020000
0.020000
0.010000
0.020000
0.020000
0.010000
0.020000
0.020000
0.010000
0.020000
0.020000
0.020000
0.010000
0.020000
0.020000
0.010000
0.020000
0.020000
0.010000
0.020000
0.020000
0.010000
0.020000
0.020000
0.010000
0.020000
0.020000
0.020000
0.020000
0.010000
0.020000
0.020000
0.020000
0.010000
0.020000
0.020000
0.020000
0.010000
0.020000
0.020000
0.020000
0.020000
0.010000
0.020000
0.020000
0.020000
0.010000
0.020000
0.020000
0.020000
0.020000
0.010000
0.020000
0.020000
0.020000
0.010000
0.020000
0.020000
0.020000
0.010000
0.020000
0.020000
0.020000
0.020000
0.010000
0.020000
0.020000
0.020000
0.010000
0.020000
0.020000
0.020000
0.010000
0.020000
0.020000
0.020000
0.020000
0.010000
0.020000
0.020000
0.020000
0.010000
0.020000
0.020000
0.020000
0.010000
0.020000
0.020000
0.020000
0.020000
0.010000
0.020000
0.020000
0.020000
0.010000
0.020000
0.020000
0.020000
  2415.023   3815.863 0 # matmult_kmn
