0.030000
0.040000
0.030000
0.040000
0.030000
0.040000
0.040000
0.030000
0.040000
0.030000
0.040000
0.030000
0.040000
0.030000
0.040000
0.030000
0.040000
0.030000
0.040000
0.040000
0.030000
0.040000
0.030000
0.040000
0.030000
0.040000
0.030000
0.040000
0.040000
0.030000
0.040000
0.030000
0.040000
0.030000
0.040000
0.030000
0.040000
0.040000
0.030000
0.040000
0.030000
0.040000
0.030000
0.040000
0.030000
0.040000
0.030000
0.040000
0.030000
0.040000
0.040000
0.030000
0.040000
0.030000
0.040000
0.030000
0.040000
0.040000
0.030000
0.040000
0.030000
0.040000
0.030000
0.040000
0.030000
0.040000
0.040000
0.030000
0.040000
0.040000
0.030000
0.040000
0.030000
0.040000
0.030000
0.040000
0.030000
0.040000
0.030000
0.040000
0.030000
0.040000
0.030000
0.040000
0.040000
  3768.773   3628.191 0 # matmult_kmn
