0.040000
0.040000
0.040000
0.050000
0.030000
0.050000
0.040000
0.040000
0.040000
0.040000
0.040000
0.040000
0.040000
0.050000
0.040000
0.040000
0.040000
0.040000
0.050000
0.040000
0.040000
0.040000
0.040000
0.050000
0.040000
0.040000
0.040000
0.040000
0.050000
0.040000
0.040000
0.040000
0.040000
0.040000
0.040000
0.050000
0.040000
0.040000
0.040000
0.040000
0.040000
0.050000
0.040000
0.040000
0.040000
0.040000
0.040000
0.040000
0.050000
0.040000
0.040000
0.040000
0.040000
0.040000
0.040000
0.050000
0.040000
0.040000
0.040000
0.040000
0.040000
0.040000
0.040000
0.050000
0.040000
0.040000
0.040000
0.040000
0.040000
0.040000
0.050000
0.040000
0.040000
  3768.773   3103.381 0 # matmult_kmn
