0.020000
0.020000
0.010000
0.020000
0.010000
0.020000
0.010000
0.020000
0.010000
0.020000
0.020000
0.010000
0.020000
0.010000
0.020000
0.010000
0.020000
0.010000
0.020000
0.010000
0.020000
0.010000
0.020000
0.010000
0.020000
0.010000
0.020000
0.010000
0.020000
0.010000
0.020000
0.010000
0.020000
0.010000
0.020000
0.010000
0.020000
0.020000
0.010000
0.020000
0.010000
0.020000
0.010000
0.020000
0.010000
0.020000
0.010000
0.020000
0.010000
0.020000
0.010000
0.020000
0.010000
0.020000
0.010000
0.020000
0.010000
0.020000
0.010000
0.020000
0.010000
0.020000
0.010000
0.020000
0.010000
0.020000
0.010000
0.020000
0.010000
0.020000
0.020000
0.010000
0.020000
0.010000
0.020000
0.010000
0.020000
0.010000
0.020000
0.010000
0.020000
0.010000
0.020000
0.010000
0.020000
0.010000
0.020000
0.010000
0.020000
0.010000
0.020000
0.010000
0.020000
0.010000
0.020000
0.010000
0.020000
0.010000
0.020000
0.010000
0.020000
0.010000
0.020000
0.020000
0.010000
0.020000
0.010000
0.020000
0.010000
0.020000
0.010000
0.020000
0.010000
0.020000
0.010000
0.020000
0.010000
0.020000
0.010000
0.020000
0.010000
0.020000
0.010000
0.020000
0.010000
0.020000
0.010000
0.020000
0.010000
0.020000
0.010000
0.020000
0.010000
0.020000
0.010000
0.020000
0.020000
0.010000
0.020000
0.010000
0.020000
0.010000
0.020000
0.010000
0.020000
0.010000
0.020000
0.010000
0.020000
0.010000
0.020000
0.010000
0.020000
0.010000
0.020000
0.010000
0.020000
0.010000
0.020000
0.010000
0.020000
0.010000
0.020000
0.010000
0.020000
0.010000
0.020000
0.020000
0.010000
0.020000
0.010000
0.020000
0.010000
0.020000
0.010000
0.020000
0.010000
0.020000
0.010000
0.020000
0.010000
0.020000
0.010000
0.020000
0.010000
0.020000
0.010000
0.020000
0.010000
0.020000
0.010000
0.020000
0.010000
0.020000
0.010000
0.020000
0.010000
0.020000
   607.523    549.142 0 # matmult_kmn
