0.020000
0.020000
0.020000
0.010000
0.020000
0.010000
0.020000
0.010000
0.020000
0.020000
0.010000
0.020000
0.010000
0.020000
0.020000
0.010000
0.020000
0.010000
0.020000
0.010000
0.020000
0.020000
0.010000
0.020000
0.010000
0.020000
0.010000
0.020000
0.020000
0.010000
0.020000
0.010000
0.020000
0.010000
0.020000
0.020000
0.010000
0.020000
0.010000
0.020000
0.020000
0.010000
0.020000
0.010000
0.020000
0.010000
0.020000
0.020000
0.010000
0.020000
0.010000
0.020000
0.010000
0.020000
0.020000
0.010000
0.020000
0.010000
0.020000
0.010000
0.020000
0.020000
0.010000
0.020000
0.010000
0.020000
0.020000
0.010000
0.020000
0.010000
0.020000
0.010000
0.020000
0.020000
0.010000
0.020000
0.010000
0.020000
0.010000
0.020000
0.020000
0.010000
0.020000
0.010000
0.020000
0.010000
0.020000
0.020000
0.010000
0.020000
0.010000
0.020000
0.010000
0.020000
0.020000
0.010000
0.020000
0.010000
0.020000
0.020000
0.010000
0.020000
0.010000
0.020000
0.010000
0.020000
0.020000
0.010000
0.020000
0.010000
0.020000
0.010000
0.020000
0.020000
0.010000
0.020000
0.010000
0.020000
0.010000
0.020000
0.020000
0.010000
0.020000
0.010000
0.020000
0.020000
0.010000
0.020000
0.010000
0.020000
0.010000
0.020000
0.020000
0.010000
0.020000
0.010000
0.020000
0.010000
0.020000
0.020000
0.010000
0.020000
0.010000
0.020000
0.010000
0.020000
0.020000
0.010000
0.020000
0.010000
0.020000
0.020000
0.010000
0.020000
0.010000
0.020000
0.010000
0.020000
0.020000
0.010000
0.020000
0.010000
0.020000
0.010000
0.020000
0.020000
0.010000
0.020000
0.010000
0.020000
0.010000
0.020000
0.020000
0.010000
0.020000
0.010000
0.020000
0.020000
0.010000
0.020000
0.010000
0.020000
0.010000
0.020000
0.020000
0.010000
0.020000
0.010000
0.020000
0.010000
   607.523    527.765 0 # matmult_nmk
