0.050000
0.050000
0.050000
0.060000
0.050000
0.050000
0.050000
0.050000
0.050000
0.050000
0.050000
0.050000
0.050000
0.050000
0.050000
0.060000
0.050000
0.050000
0.050000
0.050000
0.050000
0.050000
0.050000
0.050000
0.050000
0.050000
0.050000
0.060000
0.050000
0.050000
0.050000
0.050000
0.050000
0.050000
0.050000
0.050000
0.050000
0.050000
0.050000
0.060000
0.050000
0.050000
0.050000
0.050000
0.050000
0.050000
0.050000
0.050000
0.050000
0.050000
0.050000
0.060000
0.050000
0.050000
0.050000
0.050000
0.050000
0.050000
0.050000
  1361.273    550.313 0 # matmult_mkn
