0.060000
0.050000
0.050000
0.050000
0.060000
0.050000
0.050000
0.050000
0.050000
0.050000
0.050000
0.050000
0.050000
0.050000
0.050000
0.050000
0.060000
0.050000
0.050000
0.050000
0.050000
0.050000
0.050000
0.050000
0.050000
0.050000
0.050000
0.050000
0.060000
0.050000
0.050000
0.050000
0.050000
0.050000
0.050000
0.050000
0.050000
0.050000
0.050000
0.060000
0.050000
0.050000
0.050000
0.050000
0.050000
0.050000
0.050000
0.050000
0.050000
0.050000
0.050000
0.050000
0.050000
0.060000
0.050000
0.050000
0.050000
0.050000
0.060000
  1361.273    548.290 0 # matmult_mkn
