0.030000
0.030000
0.040000
0.030000
0.030000
0.030000
0.030000
0.030000
0.030000
0.030000
0.030000
0.040000
0.030000
0.030000
0.030000
0.030000
0.030000
0.030000
0.030000
0.030000
0.040000
0.030000
0.030000
0.030000
0.030000
0.030000
0.040000
0.030000
0.030000
0.030000
0.030000
0.030000
0.030000
0.030000
0.030000
0.030000
0.030000
0.030000
0.030000
0.040000
0.030000
0.030000
0.030000
0.030000
0.030000
0.030000
0.030000
0.030000
0.030000
0.030000
0.030000
0.030000
0.030000
0.030000
0.030000
0.030000
0.030000
0.030000
0.040000
0.030000
0.030000
0.030000
0.030000
0.030000
0.030000
0.030000
0.030000
0.030000
0.030000
0.030000
0.030000
0.030000
0.030000
0.030000
0.030000
0.030000
0.030000
0.040000
0.030000
0.030000
0.030000
0.030000
0.030000
0.030000
0.030000
0.030000
0.030000
0.030000
0.030000
0.030000
0.030000
0.030000
0.030000
0.030000
0.030000
0.030000
0.030000
0.040000
  2415.023   2151.100 0 # matmult_kmn
