0.060000
0.050000
0.060000
0.050000
0.060000
0.050000
0.060000
0.050000
0.050000
0.060000
0.050000
0.060000
0.050000
0.060000
0.050000
0.050000
0.060000
0.050000
0.060000
0.050000
0.060000
0.050000
0.050000
0.060000
0.050000
0.060000
0.050000
0.060000
0.050000
0.050000
0.060000
0.050000
0.060000
0.050000
0.050000
0.060000
0.050000
0.060000
0.050000
0.060000
0.050000
0.060000
0.050000
0.050000
0.060000
0.050000
0.060000
0.050000
0.050000
0.060000
0.050000
0.060000
0.050000
0.060000
0.050000
0.050000
  2415.023   1216.589 0 # matmult_nkm
