0.050000
0.060000
0.050000
0.050000
0.070000
0.050000
0.050000
0.060000
0.050000
0.060000
0.050000
0.050000
0.060000
0.050000
0.060000
0.050000
0.060000
0.050000
0.050000
0.060000
0.050000
0.060000
0.050000
0.050000
0.060000
0.050000
0.060000
0.050000
0.050000
0.060000
0.050000
0.060000
0.050000
0.050000
0.060000
0.050000
0.060000
0.050000
0.050000
0.060000
0.050000
0.060000
0.050000
0.050000
0.060000
0.050000
0.050000
0.060000
0.050000
0.060000
0.050000
0.050000
0.060000
0.050000
0.060000
0.050000
  2415.023   1224.720 0 # matmult_nkm
