0.020000
0.010000
0.020000
0.010000
0.020000
0.020000
0.010000
0.020000
0.010000
0.020000
0.010000
0.020000
0.010000
0.020000
0.010000
0.020000
0.010000
0.020000
0.010000
0.020000
0.010000
0.020000
0.020000
0.010000
0.020000
0.010000
0.020000
0.010000
0.020000
0.010000
0.020000
0.010000
0.020000
0.010000
0.020000
0.010000
0.020000
0.010000
0.020000
0.020000
0.010000
0.020000
0.010000
0.020000
0.010000
0.020000
0.010000
0.020000
0.010000
0.020000
0.010000
0.020000
0.020000
0.010000
0.020000
0.010000
0.020000
0.010000
0.020000
0.010000
0.020000
0.010000
0.020000
0.020000
0.010000
0.020000
0.010000
0.020000
0.010000
0.020000
0.010000
0.020000
0.010000
0.020000
0.010000
0.020000
0.010000
0.020000
0.020000
0.010000
0.020000
0.010000
0.020000
0.010000
0.020000
0.010000
0.020000
0.010000
0.020000
0.010000
0.020000
0.020000
0.010000
0.020000
0.010000
0.020000
0.010000
0.020000
0.010000
0.020000
0.010000
0.020000
0.010000
0.020000
0.020000
0.010000
0.020000
0.010000
0.020000
0.010000
0.020000
0.010000
0.020000
0.010000
0.020000
0.010000
0.020000
0.020000
0.010000
0.020000
0.010000
0.020000
0.010000
0.020000
0.010000
0.020000
0.020000
0.010000
0.020000
0.010000
0.020000
0.010000
0.020000
0.010000
0.020000
0.010000
0.020000
0.020000
0.010000
0.020000
0.010000
0.020000
0.010000
0.020000
0.020000
0.010000
0.020000
0.010000
0.020000
0.010000
0.020000
0.010000
0.020000
0.010000
0.020000
0.020000
0.010000
0.020000
0.010000
0.020000
0.010000
0.020000
0.010000
0.020000
0.010000
0.020000
0.010000
0.020000
0.020000
0.010000
0.020000
0.010000
0.020000
0.010000
0.020000
0.010000
0.020000
0.010000
0.020000
0.010000
0.020000
0.010000
0.020000
0.020000
0.010000
0.020000
0.010000
0.020000
0.010000
0.020000
0.010000
0.020000
0.010000
0.020000
0.020000
  1361.273   1816.706 0 # matmult_mnk
