0.040000
0.040000
0.040000
0.040000
0.040000
0.040000
0.040000
0.040000
0.030000
0.040000
0.040000
0.040000
0.040000
0.040000
0.040000
0.040000
0.040000
0.040000
0.040000
0.030000
0.040000
0.040000
0.040000
0.040000
0.040000
0.040000
0.040000
0.030000
0.040000
0.040000
0.040000
0.040000
0.040000
0.040000
0.040000
0.030000
0.040000
0.040000
0.040000
0.040000
0.040000
0.040000
0.040000
0.030000
0.040000
0.040000
0.040000
0.040000
0.040000
0.040000
0.040000
0.040000
0.030000
0.040000
0.040000
0.040000
0.040000
0.040000
0.040000
0.040000
0.030000
0.040000
0.040000
0.040000
0.040000
0.040000
0.040000
0.030000
0.040000
0.040000
0.040000
0.040000
0.040000
0.040000
0.040000
0.030000
0.040000
0.040000
  2415.023   1700.136 0 # matmult_mnk
