0.040000
0.040000
0.040000
0.040000
0.040000
0.040000
0.040000
0.040000
0.040000
0.040000
0.040000
0.050000
0.040000
0.040000
0.040000
0.040000
0.040000
0.040000
0.040000
0.040000
0.040000
0.040000
0.040000
0.040000
0.040000
0.040000
0.040000
0.040000
0.040000
0.040000
0.040000
0.040000
0.040000
0.040000
0.040000
0.040000
0.040000
0.040000
0.040000
0.040000
0.040000
0.040000
0.040000
0.040000
0.040000
0.040000
0.040000
0.050000
0.040000
0.040000
0.040000
0.040000
0.040000
0.040000
0.040000
0.040000
0.040000
0.040000
0.040000
0.040000
0.040000
0.040000
0.040000
0.040000
0.040000
0.040000
0.040000
0.040000
0.040000
0.040000
0.040000
0.040000
0.040000
0.040000
0.040000
  2415.023   1642.144 0 # matmult_mnk
