0.030000
0.010000
0.020000
0.020000
0.020000
0.020000
0.020000
0.020000
0.020000
0.020000
0.020000
0.010000
0.020000
0.020000
0.020000
0.020000
0.020000
0.020000
0.020000
0.020000
0.010000
0.020000
0.020000
0.020000
0.020000
0.020000
0.020000
0.020000
0.020000
0.020000
0.010000
0.020000
0.020000
0.020000
0.020000
0.020000
0.020000
0.020000
0.020000
0.010000
0.020000
0.020000
0.020000
0.020000
0.020000
0.020000
0.020000
0.020000
0.010000
0.020000
0.020000
0.020000
0.020000
0.020000
0.020000
0.020000
0.020000
0.010000
0.020000
0.020000
0.020000
0.020000
0.020000
0.020000
0.020000
0.010000
0.020000
0.020000
0.020000
0.020000
0.020000
0.020000
0.020000
0.020000
0.010000
0.020000
0.020000
0.020000
0.020000
0.020000
0.020000
0.020000
0.020000
0.010000
0.020000
0.020000
0.020000
0.020000
0.020000
0.020000
0.020000
0.010000
0.020000
0.020000
0.020000
0.020000
0.020000
0.020000
0.020000
0.020000
0.010000
0.020000
0.020000
0.020000
0.020000
0.020000
0.020000
0.020000
0.020000
0.010000
0.020000
0.020000
0.020000
0.020000
0.020000
0.020000
0.020000
0.020000
0.010000
0.020000
0.020000
0.020000
0.020000
0.020000
0.020000
0.020000
0.010000
0.020000
0.020000
0.020000
0.020000
0.020000
0.020000
0.020000
0.020000
0.010000
0.020000
0.020000
0.020000
0.020000
0.020000
0.020000
0.020000
0.020000
0.010000
0.020000
0.020000
0.020000
0.020000
0.020000
0.020000
0.020000
0.020000
0.020000
0.020000
0.020000
0.010000
0.020000
0.020000
  1361.273   1478.828 0 # matmult_nkm
