0.060000
0.060000
0.050000
0.060000
0.060000
0.050000
0.060000
0.060000
0.050000
0.060000
0.060000
0.050000
0.060000
0.060000
0.060000
0.050000
0.060000
0.060000
0.060000
0.050000
0.060000
0.060000
0.050000
0.060000
0.060000
0.050000
0.060000
0.060000
0.050000
0.060000
0.060000
0.050000
0.060000
0.060000
0.050000
0.060000
0.060000
0.050000
0.060000
0.060000
0.050000
0.060000
0.050000
0.060000
0.060000
0.050000
0.060000
0.060000
0.050000
0.060000
0.060000
0.050000
0.060000
  2415.023   1164.014 0 # matmult_nkm
