0.060000
0.050000
0.060000
0.060000
0.050000
0.060000
0.060000
0.060000
0.050000
0.060000
0.060000
0.050000
0.060000
0.060000
0.050000
0.050000
0.060000
0.050000
0.060000
0.050000
0.060000
0.050000
0.060000
0.050000
0.050000
0.060000
0.050000
0.060000
0.050000
0.060000
0.050000
0.060000
0.050000
0.050000
0.060000
0.050000
0.060000
0.050000
0.060000
0.050000
0.060000
0.050000
0.050000
0.060000
0.050000
0.060000
0.050000
0.060000
0.050000
0.060000
0.050000
0.060000
0.050000
0.050000
0.060000
  2415.023   1201.469 0 # matmult_nkm
