0.030000
0.020000
0.020000
0.020000
0.020000
0.020000
0.020000
0.030000
0.020000
0.020000
0.020000
0.020000
0.020000
0.020000
0.020000
0.020000
0.030000
0.020000
0.020000
0.020000
0.020000
0.020000
0.020000
0.020000
0.020000
0.030000
0.020000
0.020000
0.020000
0.020000
0.020000
0.020000
0.020000
0.020000
0.030000
0.020000
0.020000
0.020000
0.020000
0.020000
0.020000
0.020000
0.030000
0.020000
0.020000
0.020000
0.020000
0.020000
0.020000
0.020000
0.020000
0.030000
0.020000
0.020000
0.020000
0.020000
0.020000
0.020000
0.020000
0.030000
0.020000
0.020000
0.020000
0.020000
0.020000
0.020000
0.020000
0.020000
0.030000
0.020000
0.020000
0.020000
0.020000
0.020000
0.020000
0.020000
0.020000
0.030000
0.020000
0.020000
0.020000
0.020000
0.020000
0.020000
0.020000
0.030000
0.020000
0.020000
0.020000
0.020000
0.020000
0.030000
0.020000
0.020000
0.020000
0.020000
0.020000
0.020000
0.020000
0.030000
0.020000
0.020000
0.020000
0.020000
0.020000
0.020000
0.020000
0.030000
0.020000
0.020000
0.020000
0.020000
0.020000
0.020000
0.020000
0.020000
0.030000
0.020000
0.020000
0.020000
0.020000
0.020000
0.020000
0.030000
0.020000
0.020000
0.020000
0.020000
0.020000
0.020000
0.020000
0.020000
0.030000
0.020000
0.020000
0.020000
0.020000
0.020000
0.020000
0.020000
0.030000
0.020000
  1361.273   1318.478 0 # matmult_knm
