0.060000
0.050000
0.050000
0.050000
0.060000
0.050000
0.050000
0.060000
0.050000
0.060000
0.050000
0.050000
0.060000
0.060000
0.050000
0.060000
0.050000
0.060000
0.060000
0.050000
0.050000
0.060000
0.050000
0.050000
0.060000
0.050000
0.060000
0.050000
0.050000
0.060000
0.050000
0.050000
0.060000
0.050000
0.050000
0.060000
0.050000
0.060000
0.050000
0.050000
0.060000
0.050000
0.050000
0.060000
0.050000
0.050000
0.060000
0.050000
0.050000
0.050000
0.060000
0.050000
0.050000
0.060000
0.050000
0.050000
  2415.023   1229.784 0 # matmult_knm
