0.060000
0.060000
0.060000
0.060000
0.060000
0.060000
0.050000
0.060000
0.060000
0.060000
0.060000
0.060000
0.060000
0.050000
0.060000
0.060000
0.060000
0.050000
0.060000
0.050000
0.060000
0.050000
0.060000
0.060000
0.050000
0.060000
0.050000
0.060000
0.050000
0.060000
0.050000
0.060000
0.050000
0.060000
0.060000
0.050000
0.060000
0.050000
0.060000
0.050000
0.060000
0.060000
0.050000
0.060000
0.050000
0.060000
0.050000
0.060000
0.050000
0.060000
0.050000
0.060000
0.060000
0.050000
  2415.023   1171.852 0 # matmult_knm
