0.050000
0.040000
0.040000
0.040000
0.040000
0.040000
0.040000
0.040000
0.040000
0.040000
0.040000
0.040000
0.040000
0.040000
0.040000
0.040000
0.040000
0.040000
0.040000
0.040000
0.040000
0.040000
0.040000
0.030000
0.040000
0.040000
0.040000
0.040000
0.040000
0.040000
0.040000
0.040000
0.040000
0.040000
0.040000
0.040000
0.040000
0.040000
0.040000
0.040000
0.040000
0.040000
0.040000
0.040000
0.040000
0.040000
0.040000
0.040000
0.040000
0.040000
0.040000
0.040000
0.040000
0.040000
0.040000
0.040000
0.040000
0.040000
0.040000
0.040000
0.040000
0.030000
0.040000
0.040000
0.040000
0.040000
0.040000
0.040000
0.040000
0.040000
0.040000
0.040000
0.040000
0.040000
0.040000
0.040000
  3768.773   3246.513 0 # matmult_kmn
