Jacobi method 
N: 64
Iterations: 10000
Distance: 0.000005127568184228
20.00 20.00 20.00 20.00 20.00 20.00 20.00 20.00 20.00 20.00 20.00 20.00 20.00 20.00 20.00 20.00 20.00 20.00 20.00 20.00 20.00 20.00 20.00 20.00 20.00 20.00 20.00 20.00 20.00 20.00 20.00 20.00 20.00 20.00 20.00 20.00 20.00 20.00 20.00 20.00 20.00 20.00 20.00 20.00 20.00 20.00 20.00 20.00 20.00 20.00 20.00 20.00 20.00 20.00 20.00 20.00 20.00 20.00 20.00 20.00 20.00 20.00 20.00 20.00 20.00 20.00 
20.00 19.99 19.98 19.98 19.97 19.96 19.95 19.94 19.93 19.93 19.92 19.91 19.90 19.89 19.88 19.88 19.87 19.86 19.85 19.84 19.83 19.83 19.82 19.81 19.80 19.79 19.78 19.77 19.76 19.75 19.74 19.73 19.71 19.70 19.69 19.67 19.66 19.64 19.62 19.60 19.58 19.56 19.54 19.51 19.48 19.45 19.41 19.37 19.33 19.28 19.22 19.16 19.08 19.00 18.90 18.78 18.63 18.45 18.22 17.91 17.48 16.85 15.83 13.96 10.01 0.00 
20.00 19.98 19.97 19.95 19.93 19.92 19.90 19.88 19.87 19.85 19.84 19.82 19.80 19.79 19.77 19.75 19.74 19.72 19.70 19.69 19.67 19.65 19.63 19.62 19.60 19.58 19.56 19.54 19.52 19.50 19.48 19.45 19.43 19.40 19.38 19.35 19.32 19.28 19.25 19.21 19.17 19.12 19.07 19.02 18.96 18.90 18.83 18.75 18.66 18.56 18.45 18.33 18.18 18.01 17.82 17.58 17.30 16.95 16.51 15.94 15.17 14.09 12.50 10.02 6.06 0.00 
20.00 19.98 19.95 19.93 19.90 19.88 19.85 19.83 19.80 19.78 19.75 19.73 19.70 19.68 19.65 19.63 19.60 19.58 19.55 19.53 19.50 19.48 19.45 19.42 19.40 19.37 19.34 19.31 19.28 19.25 19.22 19.18 19.14 19.11 19.07 19.02 18.98 18.93 18.87 18.82 18.76 18.69 18.62 18.54 18.45 18.36 18.25 18.13 18.00 17.86 17.70 17.51 17.30 17.06 16.77 16.44 16.03 15.55 14.94 14.17 13.18 11.85 10.05 7.57 4.20 0.00 
20.00 19.97 19.93 19.90 19.87 19.83 19.80 19.77 19.74 19.70 19.67 19.64 19.60 19.57 19.54 19.51 19.47 19.44 19.41 19.37 19.34 19.30 19.27 19.23 19.20 19.16 19.12 19.08 19.04 19.00 18.96 18.91 18.86 18.81 18.76 18.70 18.64 18.57 18.50 18.43 18.35 18.26 18.17 18.06 17.95 17.82 17.68 17.53 17.36 17.17 16.96 16.72 16.45 16.14 15.78 15.35 14.85 14.26 13.53 12.63 11.51 10.09 8.28 5.99 3.19 0.00 
20.00 19.96 19.92 19.88 19.83 19.79 19.75 19.71 19.67 19.63 19.59 19.55 19.51 19.46 19.42 19.38 19.34 19.30 19.26 19.22 19.17 19.13 19.09 19.04 19.00 18.95 18.91 18.86 18.81 18.75 18.70 18.64 18.58 18.52 18.45 18.38 18.31 18.23 18.14 18.05 17.95 17.84 17.72 17.59 17.46 17.30 17.13 16.95 16.74 16.51 16.26 15.97 15.64 15.27 14.84 14.35 13.77 13.09 12.28 11.31 10.14 8.71 6.99 4.94 2.57 0.00 
20.00 19.95 19.90 19.85 19.80 19.75 19.70 19.65 19.60 19.55 19.50 19.46 19.41 19.36 19.31 19.26 19.21 19.16 19.11 19.06 19.01 18.96 18.91 18.85 18.80 18.75 18.69 18.63 18.57 18.51 18.44 18.38 18.31 18.23 18.15 18.07 17.98 17.89 17.78 17.67 17.56 17.43 17.29 17.14 16.98 16.80 16.60 16.38 16.14 15.88 15.58 15.25 14.88 14.46 13.98 13.43 12.80 12.06 11.20 10.20 9.02 7.64 6.03 4.19 2.15 0.00 
20.00 19.94 19.88 19.83 19.77 19.71 19.65 19.59 19.54 19.48 19.42 19.37 19.31 19.25 19.19 19.14 19.08 19.02 18.96 18.91 18.85 18.79 18.73 18.67 18.60 18.54 18.48 18.41 18.34 18.27 18.19 18.12 18.03 17.95 17.86 17.76 17.66 17.55 17.43 17.31 17.17 17.03 16.87 16.70 16.51 16.31 16.09 15.84 15.57 15.28 14.95 14.58 14.17 13.70 13.18 12.59 11.92 11.15 10.27 9.26 8.10 6.78 5.29 3.64 1.86 0.00 
20.00 19.93 19.87 19.80 19.73 19.67 19.60 19.54 19.47 19.41 19.34 19.27 19.21 19.14 19.08 19.01 18.95 18.88 18.82 18.75 18.68 18.62 18.55 18.48 18.41 18.34 18.26 18.19 18.11 18.03 17.94 17.86 17.77 17.67 17.57 17.46 17.34 17.22 17.09 16.95 16.80 16.64 16.46 16.27 16.07 15.84 15.60 15.33 15.03 14.70 14.34 13.95 13.50 13.01 12.46 11.84 11.14 10.35 9.47 8.47 7.35 6.10 4.72 3.22 1.64 0.00 
20.00 19.93 19.85 19.78 19.70 19.63 19.55 19.48 19.40 19.33 19.26 19.18 19.11 19.04 18.96 18.89 18.82 18.74 18.67 18.60 18.52 18.45 18.37 18.29 18.21 18.13 18.05 17.97 17.88 17.79 17.70 17.60 17.50 17.40 17.28 17.16 17.04 16.90 16.76 16.61 16.44 16.26 16.07 15.87 15.64 15.39 15.13 14.84 14.52 14.17 13.78 13.36 12.89 12.37 11.80 11.16 10.45 9.66 8.78 7.80 6.72 5.54 4.27 2.90 1.47 0.00 
20.00 19.92 19.83 19.75 19.67 19.58 19.50 19.42 19.34 19.26 19.17 19.09 19.01 18.93 18.85 18.77 18.69 18.61 18.52 18.44 18.36 18.28 18.19 18.11 18.02 17.93 17.85 17.75 17.66 17.56 17.46 17.35 17.24 17.13 17.01 16.88 16.74 16.59 16.44 16.27 16.10 15.90 15.70 15.47 15.23 14.97 14.68 14.37 14.03 13.66 13.26 12.81 12.33 11.79 11.20 10.55 9.83 9.05 8.18 7.23 6.20 5.09 3.90 2.64 1.33 0.00 
20.00 19.91 19.82 19.73 19.63 19.54 19.45 19.36 19.27 19.18 19.09 19.00 18.91 18.82 18.73 18.64 18.56 18.47 18.38 18.29 18.20 18.11 18.02 17.93 17.83 17.74 17.64 17.54 17.44 17.33 17.22 17.11 16.99 16.87 16.73 16.60 16.45 16.29 16.13 15.95 15.76 15.56 15.34 15.10 14.84 14.57 14.27 13.94 13.58 13.20 12.78 12.32 11.81 11.26 10.66 10.01 9.29 8.52 7.67 6.75 5.77 4.71 3.60 2.43 1.22 0.00 
20.00 19.90 19.80 19.70 19.60 19.50 19.40 19.30 19.20 19.11 19.01 18.91 18.81 18.72 18.62 18.52 18.43 18.33 18.23 18.14 18.04 17.94 17.84 17.74 17.64 17.54 17.44 17.33 17.22 17.11 16.99 16.87 16.74 16.61 16.47 16.32 16.17 16.00 15.83 15.64 15.44 15.23 15.00 14.75 14.48 14.19 13.87 13.53 13.16 12.76 12.33 11.86 11.35 10.79 10.18 9.53 8.82 8.05 7.23 6.34 5.40 4.40 3.35 2.25 1.13 0.00 
20.00 19.89 19.78 19.67 19.57 19.46 19.35 19.24 19.14 19.03 18.92 18.82 18.71 18.61 18.50 18.40 18.29 18.19 18.09 17.98 17.88 17.77 17.67 17.56 17.46 17.35 17.24 17.12 17.01 16.89 16.76 16.63 16.50 16.36 16.21 16.06 15.90 15.73 15.54 15.35 15.14 14.91 14.67 14.41 14.13 13.83 13.51 13.16 12.78 12.37 11.92 11.44 10.92 10.36 9.75 9.10 8.40 7.65 6.84 5.99 5.08 4.13 3.14 2.11 1.06 0.00 
20.00 19.88 19.77 19.65 19.53 19.42 19.30 19.18 19.07 18.95 18.84 18.73 18.61 18.50 18.39 18.28 18.16 18.05 17.94 17.83 17.72 17.61 17.50 17.38 17.27 17.15 17.04 16.92 16.79 16.67 16.54 16.40 16.26 16.12 15.97 15.81 15.64 15.46 15.27 15.06 14.85 14.62 14.37 14.10 13.81 13.50 13.17 12.81 12.42 12.00 11.55 11.06 10.54 9.98 9.37 8.72 8.03 7.29 6.51 5.68 4.81 3.90 2.96 1.99 1.00 0.00 
20.00 19.87 19.75 19.62 19.50 19.37 19.25 19.12 19.00 18.88 18.75 18.63 18.51 18.39 18.27 18.15 18.03 17.92 17.80 17.68 17.56 17.44 17.32 17.21 17.09 16.96 16.84 16.71 16.59 16.46 16.32 16.18 16.04 15.88 15.73 15.56 15.39 15.20 15.00 14.80 14.57 14.34 14.08 13.81 13.51 13.20 12.85 12.49 12.09 11.67 11.21 10.72 10.20 9.63 9.03 8.39 7.71 6.99 6.22 5.42 4.58 3.71 2.81 1.89 0.95 0.00 
20.00 19.87 19.73 19.60 19.46 19.33 19.20 19.06 18.93 18.80 18.67 18.54 18.41 18.28 18.15 18.03 17.90 17.78 17.65 17.53 17.40 17.28 17.15 17.03 16.90 16.78 16.65 16.52 16.38 16.25 16.11 15.96 15.81 15.66 15.49 15.32 15.14 14.96 14.75 14.54 14.31 14.07 13.81 13.53 13.23 12.91 12.57 12.20 11.80 11.37 10.91 10.42 9.89 9.33 8.73 8.10 7.43 6.72 5.98 5.20 4.39 3.55 2.68 1.80 0.90 0.00 
20.00 19.86 19.71 19.57 19.43 19.28 19.14 19.00 18.86 18.72 18.58 18.44 18.31 18.17 18.04 17.90 17.77 17.64 17.51 17.37 17.24 17.11 16.98 16.85 16.72 16.59 16.45 16.32 16.18 16.04 15.90 15.75 15.59 15.44 15.27 15.10 14.91 14.72 14.52 14.30 14.07 13.83 13.56 13.28 12.98 12.65 12.30 11.93 11.53 11.10 10.64 10.15 9.62 9.06 8.47 7.85 7.18 6.49 5.76 5.00 4.22 3.41 2.57 1.73 0.87 0.00 
20.00 19.85 19.69 19.54 19.39 19.24 19.09 18.94 18.79 18.64 18.50 18.35 18.20 18.06 17.92 17.78 17.64 17.50 17.36 17.22 17.09 16.95 16.81 16.68 16.54 16.40 16.26 16.12 15.98 15.84 15.69 15.54 15.38 15.22 15.05 14.88 14.69 14.50 14.29 14.08 13.84 13.60 13.33 13.05 12.74 12.42 12.07 11.69 11.29 10.86 10.40 9.91 9.39 8.83 8.24 7.62 6.97 6.29 5.58 4.84 4.08 3.29 2.48 1.66 0.83 0.00 
20.00 19.84 19.68 19.52 19.35 19.19 19.04 18.88 18.72 18.56 18.41 18.25 18.10 17.95 17.80 17.65 17.50 17.36 17.21 17.07 16.93 16.78 16.64 16.50 16.36 16.22 16.08 15.93 15.79 15.64 15.49 15.33 15.18 15.01 14.84 14.67 14.48 14.29 14.08 13.86 13.63 13.38 13.12 12.84 12.53 12.21 11.86 11.48 11.08 10.65 10.19 9.70 9.18 8.63 8.05 7.44 6.79 6.12 5.42 4.70 3.95 3.19 2.41 1.61 0.81 0.00 
20.00 19.83 19.66 19.49 19.32 19.15 18.98 18.81 18.65 18.48 18.32 18.16 17.99 17.84 17.68 17.52 17.37 17.22 17.06 16.91 16.77 16.62 16.47 16.33 16.18 16.03 15.89 15.74 15.59 15.44 15.29 15.13 14.97 14.81 14.64 14.46 14.28 14.09 13.88 13.66 13.43 13.19 12.93 12.65 12.34 12.02 11.67 11.30 10.90 10.47 10.01 9.53 9.01 8.46 7.88 7.28 6.64 5.98 5.29 4.58 3.85 3.11 2.34 1.57 0.79 0.00 
20.00 19.82 19.64 19.46 19.28 19.10 18.92 18.75 18.57 18.40 18.23 18.06 17.89 17.72 17.56 17.39 17.23 17.07 16.92 16.76 16.61 16.45 16.30 16.15 16.00 15.85 15.70 15.55 15.40 15.25 15.09 14.94 14.78 14.61 14.44 14.27 14.09 13.89 13.69 13.48 13.25 13.01 12.75 12.48 12.18 11.86 11.51 11.14 10.74 10.32 9.86 9.38 8.86 8.32 7.75 7.15 6.52 5.86 5.19 4.49 3.77 3.04 2.29 1.53 0.77 0.00 
20.00 19.81 19.62 19.43 19.24 19.05 18.87 18.68 18.50 18.31 18.13 17.96 17.78 17.60 17.43 17.26 17.09 16.93 16.76 16.60 16.44 16.28 16.13 15.97 15.82 15.67 15.52 15.36 15.21 15.06 14.90 14.75 14.59 14.42 14.26 14.08 13.90 13.71 13.52 13.31 13.09 12.85 12.60 12.33 12.03 11.72 11.38 11.01 10.62 10.20 9.74 9.26 8.75 8.21 7.64 7.04 6.42 5.77 5.10 4.41 3.70 2.98 2.25 1.50 0.75 0.00 
20.00 19.80 19.60 19.40 19.20 19.00 18.81 18.61 18.42 18.23 18.04 17.85 17.67 17.49 17.31 17.13 16.95 16.78 16.61 16.44 16.28 16.12 15.96 15.80 15.64 15.48 15.33 15.17 15.02 14.87 14.71 14.56 14.40 14.24 14.07 13.90 13.73 13.54 13.35 13.15 12.93 12.71 12.46 12.20 11.91 11.60 11.27 10.91 10.52 10.10 9.66 9.18 8.67 8.13 7.56 6.97 6.34 5.70 5.04 4.35 3.65 2.94 2.21 1.48 0.74 0.00 
20.00 19.79 19.58 19.37 19.16 18.95 18.75 18.54 18.34 18.14 17.94 17.75 17.55 17.36 17.18 16.99 16.81 16.63 16.46 16.28 16.11 15.94 15.78 15.62 15.46 15.30 15.14 14.99 14.83 14.68 14.52 14.37 14.21 14.05 13.89 13.73 13.56 13.38 13.20 13.00 12.80 12.58 12.34 12.09 11.81 11.51 11.19 10.84 10.45 10.04 9.60 9.12 8.61 8.07 7.51 6.91 6.29 5.65 4.99 4.31 3.61 2.91 2.19 1.46 0.73 0.00 
20.00 19.78 19.56 19.34 19.12 18.90 18.69 18.47 18.26 18.05 17.84 17.64 17.44 17.24 17.04 16.85 16.66 16.48 16.30 16.12 15.94 15.77 15.60 15.44 15.27 15.11 14.95 14.80 14.64 14.49 14.33 14.18 14.03 13.87 13.72 13.56 13.40 13.23 13.05 12.87 12.67 12.47 12.24 12.00 11.74 11.45 11.14 10.79 10.42 10.01 9.57 9.10 8.59 8.05 7.48 6.89 6.27 5.62 4.96 4.28 3.59 2.88 2.17 1.45 0.73 0.00 
20.00 19.77 19.54 19.31 19.08 18.85 18.62 18.40 18.18 17.96 17.74 17.53 17.32 17.11 16.91 16.71 16.51 16.32 16.13 15.95 15.77 15.59 15.42 15.25 15.09 14.92 14.76 14.61 14.45 14.30 14.15 14.00 13.85 13.70 13.55 13.39 13.24 13.08 12.92 12.74 12.56 12.37 12.16 11.94 11.69 11.41 11.11 10.78 10.41 10.01 9.58 9.10 8.60 8.05 7.48 6.88 6.26 5.61 4.95 4.27 3.58 2.87 2.16 1.44 0.72 0.00 
20.00 19.76 19.52 19.27 19.03 18.79 18.56 18.32 18.09 17.86 17.64 17.41 17.20 16.98 16.77 16.56 16.36 16.16 15.97 15.78 15.59 15.41 15.24 15.06 14.90 14.73 14.57 14.41 14.26 14.11 13.96 13.81 13.66 13.52 13.38 13.23 13.09 12.94 12.79 12.63 12.46 12.29 12.10 11.89 11.66 11.41 11.12 10.80 10.44 10.05 9.62 9.15 8.64 8.09 7.51 6.91 6.27 5.62 4.95 4.27 3.57 2.87 2.16 1.44 0.72 0.00 
20.00 19.75 19.49 19.24 18.99 18.74 18.49 18.24 18.00 17.76 17.53 17.30 17.07 16.85 16.63 16.41 16.20 16.00 15.80 15.60 15.41 15.23 15.05 14.87 14.70 14.54 14.37 14.22 14.06 13.91 13.76 13.62 13.48 13.34 13.21 13.07 12.93 12.80 12.66 12.52 12.38 12.22 12.05 11.87 11.66 11.43 11.16 10.86 10.51 10.13 9.70 9.23 8.71 8.16 7.57 6.95 6.31 5.65 4.97 4.28 3.58 2.87 2.16 1.44 0.72 0.00 
20.00 19.73 19.47 19.20 18.94 18.68 18.42 18.16 17.91 17.66 17.42 17.17 16.94 16.71 16.48 16.26 16.04 15.83 15.62 15.42 15.23 15.04 14.86 14.68 14.50 14.34 14.17 14.01 13.86 13.71 13.57 13.43 13.29 13.16 13.03 12.91 12.78 12.66 12.54 12.42 12.30 12.17 12.03 11.87 11.69 11.49 11.24 10.96 10.63 10.25 9.82 9.35 8.83 8.26 7.66 7.03 6.37 5.69 5.00 4.30 3.59 2.88 2.16 1.44 0.72 0.00 
20.00 19.72 19.44 19.17 18.89 18.62 18.35 18.08 17.82 17.56 17.30 17.05 16.80 16.56 16.33 16.10 15.87 15.66 15.44 15.24 15.04 14.84 14.66 14.48 14.30 14.13 13.97 13.81 13.66 13.51 13.37 13.23 13.10 12.98 12.86 12.74 12.63 12.53 12.42 12.32 12.22 12.12 12.01 11.89 11.75 11.58 11.36 11.10 10.78 10.42 9.99 9.52 8.99 8.41 7.78 7.12 6.44 5.74 5.04 4.32 3.61 2.89 2.17 1.44 0.72 0.00 
20.00 19.71 19.42 19.13 18.84 18.55 18.27 17.99 17.72 17.44 17.18 16.92 16.66 16.41 16.17 15.93 15.70 15.48 15.26 15.05 14.84 14.64 14.45 14.27 14.09 13.92 13.76 13.60 13.45 13.30 13.17 13.03 12.91 12.79 12.68 12.58 12.48 12.39 12.30 12.22 12.15 12.08 12.01 11.94 11.84 11.71 11.53 11.29 11.00 10.64 10.22 9.74 9.19 8.59 7.94 7.25 6.53 5.81 5.08 4.35 3.63 2.90 2.17 1.45 0.72 0.00 
20.00 19.69 19.39 19.09 18.78 18.49 18.19 17.90 17.61 17.33 17.05 16.78 16.51 16.26 16.00 15.76 15.52 15.29 15.06 14.85 14.64 14.44 14.24 14.05 13.87 13.70 13.54 13.38 13.23 13.09 12.95 12.83 12.71 12.60 12.49 12.40 12.32 12.24 12.17 12.12 12.07 12.04 12.01 12.00 11.97 11.90 11.75 11.55 11.27 10.92 10.50 10.02 9.46 8.83 8.14 7.39 6.63 5.88 5.13 4.38 3.64 2.91 2.18 1.45 0.73 0.00 
20.00 19.68 19.36 19.04 18.73 18.42 18.11 17.80 17.50 17.21 16.92 16.64 16.36 16.09 15.83 15.58 15.33 15.09 14.86 14.64 14.43 14.22 14.02 13.83 13.65 13.48 13.31 13.16 13.01 12.87 12.73 12.61 12.50 12.39 12.30 12.22 12.14 12.08 12.04 12.00 11.99 11.99 12.01 12.06 12.15 12.14 12.05 11.87 11.61 11.28 10.86 10.37 9.79 9.14 8.39 7.54 6.73 5.94 5.17 4.41 3.66 2.92 2.18 1.45 0.73 0.00 
20.00 19.67 19.33 19.00 18.67 18.34 18.02 17.70 17.39 17.08 16.78 16.49 16.20 15.92 15.65 15.39 15.14 14.89 14.66 14.43 14.21 14.00 13.80 13.60 13.42 13.24 13.08 12.92 12.77 12.64 12.51 12.39 12.28 12.18 12.09 12.02 11.96 11.91 11.88 11.87 11.88 11.92 11.98 12.09 12.25 12.29 12.23 12.08 11.84 11.52 11.11 10.61 10.02 9.34 8.56 7.66 6.80 5.99 5.19 4.42 3.66 2.92 2.18 1.45 0.72 0.00 
20.00 19.65 19.30 18.95 18.61 18.26 17.93 17.59 17.27 16.95 16.64 16.33 16.03 15.75 15.47 15.19 14.93 14.68 14.44 14.20 13.98 13.77 13.56 13.36 13.18 13.00 12.84 12.68 12.53 12.40 12.27 12.15 12.05 11.96 11.88 11.81 11.76 11.73 11.71 11.72 11.75 11.82 11.92 12.06 12.26 12.35 12.32 12.19 11.97 11.66 11.25 10.75 10.16 9.46 8.65 7.72 6.84 6.01 5.20 4.42 3.66 2.91 2.17 1.45 0.72 0.00 
20.00 19.63 19.27 18.90 18.54 18.18 17.83 17.48 17.14 16.81 16.48 16.17 15.86 15.56 15.27 14.99 14.72 14.46 14.21 13.97 13.74 13.52 13.32 13.12 12.93 12.75 12.58 12.43 12.28 12.14 12.02 11.91 11.81 11.72 11.65 11.59 11.55 11.52 11.52 11.54 11.59 11.68 11.80 11.98 12.21 12.32 12.32 12.21 12.01 11.70 11.30 10.81 10.21 9.50 8.68 7.73 6.84 6.00 5.19 4.40 3.64 2.89 2.16 1.43 0.72 0.00 
20.00 19.61 19.23 18.85 18.47 18.09 17.73 17.36 17.01 16.66 16.32 15.99 15.67 15.36 15.06 14.78 14.50 14.23 13.97 13.73 13.50 13.27 13.06 12.86 12.67 12.49 12.32 12.16 12.02 11.88 11.76 11.65 11.55 11.47 11.40 11.35 11.31 11.30 11.30 11.34 11.40 11.50 11.64 11.84 12.09 12.22 12.23 12.14 11.95 11.65 11.26 10.77 10.17 9.46 8.64 7.69 6.80 5.95 5.14 4.36 3.60 2.86 2.13 1.42 0.71 0.00 
20.00 19.60 19.19 18.79 18.39 18.00 17.62 17.24 16.87 16.50 16.15 15.81 15.48 15.16 14.85 14.55 14.26 13.99 13.73 13.48 13.24 13.01 12.79 12.59 12.40 12.22 12.05 11.89 11.74 11.61 11.49 11.38 11.28 11.20 11.14 11.09 11.06 11.05 11.06 11.10 11.17 11.28 11.43 11.64 11.90 12.04 12.07 11.98 11.80 11.51 11.13 10.64 10.05 9.35 8.54 7.60 6.71 5.87 5.07 4.29 3.55 2.82 2.10 1.40 0.70 0.00 
20.00 19.57 19.15 18.73 18.31 17.90 17.50 17.10 16.72 16.34 15.97 15.61 15.27 14.94 14.62 14.31 14.02 13.74 13.47 13.21 12.97 12.73 12.52 12.31 12.11 11.93 11.76 11.60 11.46 11.32 11.20 11.09 11.00 10.92 10.86 10.81 10.78 10.77 10.79 10.83 10.91 11.02 11.17 11.38 11.64 11.78 11.82 11.74 11.56 11.29 10.91 10.44 9.86 9.17 8.37 7.44 6.57 5.75 4.96 4.21 3.47 2.76 2.06 1.37 0.68 0.00 
20.00 19.55 19.11 18.67 18.23 17.80 17.37 16.96 16.55 16.16 15.78 15.41 15.05 14.71 14.38 14.06 13.76 13.47 13.19 12.93 12.68 12.45 12.23 12.02 11.82 11.64 11.46 11.30 11.16 11.02 10.90 10.80 10.70 10.62 10.56 10.51 10.49 10.48 10.49 10.53 10.61 10.71 10.86 11.06 11.32 11.45 11.48 11.41 11.23 10.97 10.60 10.14 9.58 8.92 8.14 7.24 6.39 5.59 4.83 4.09 3.38 2.69 2.00 1.33 0.66 0.00 
20.00 19.53 19.06 18.60 18.14 17.68 17.24 16.81 16.38 15.97 15.57 15.19 14.82 14.46 14.12 13.80 13.49 13.19 12.91 12.64 12.39 12.15 11.92 11.71 11.51 11.33 11.15 10.99 10.85 10.71 10.59 10.48 10.39 10.31 10.25 10.20 10.17 10.16 10.17 10.21 10.27 10.36 10.50 10.68 10.92 11.04 11.06 10.98 10.81 10.55 10.20 9.76 9.22 8.58 7.84 6.98 6.17 5.40 4.67 3.96 3.27 2.60 1.94 1.29 0.64 0.00 
20.00 19.50 19.01 18.52 18.04 17.56 17.10 16.64 16.20 15.77 15.36 14.96 14.57 14.21 13.86 13.52 13.20 12.90 12.61 12.34 12.08 11.83 11.61 11.39 11.19 11.00 10.83 10.67 10.52 10.39 10.27 10.16 10.06 9.98 9.92 9.87 9.83 9.82 9.82 9.85 9.90 9.98 10.09 10.24 10.45 10.55 10.55 10.47 10.29 10.04 9.70 9.28 8.77 8.17 7.47 6.66 5.90 5.17 4.48 3.80 3.15 2.50 1.87 1.24 0.62 0.00 
20.00 19.48 18.96 18.44 17.93 17.43 16.94 16.47 16.00 15.56 15.12 14.71 14.31 13.93 13.57 13.22 12.90 12.59 12.29 12.01 11.75 11.51 11.28 11.06 10.86 10.67 10.49 10.33 10.18 10.05 9.93 9.82 9.72 9.64 9.57 9.52 9.48 9.46 9.45 9.47 9.50 9.56 9.64 9.75 9.90 9.96 9.94 9.84 9.67 9.42 9.09 8.70 8.22 7.67 7.03 6.29 5.59 4.92 4.27 3.63 3.01 2.39 1.79 1.19 0.59 0.00 
20.00 19.45 18.90 18.35 17.81 17.29 16.77 16.27 15.79 15.32 14.87 14.44 14.03 13.64 13.27 12.91 12.58 12.26 11.96 11.68 11.41 11.16 10.93 10.71 10.51 10.32 10.14 9.98 9.83 9.70 9.58 9.47 9.37 9.28 9.21 9.16 9.11 9.08 9.07 9.07 9.08 9.11 9.15 9.21 9.26 9.27 9.22 9.10 8.93 8.68 8.37 8.00 7.56 7.06 6.49 5.88 5.26 4.65 4.04 3.45 2.86 2.28 1.70 1.13 0.57 0.00 
20.00 19.41 18.83 18.26 17.69 17.13 16.59 16.07 15.56 15.07 14.61 14.16 13.73 13.33 12.95 12.58 12.24 11.92 11.61 11.33 11.06 10.81 10.57 10.35 10.15 9.96 9.78 9.62 9.47 9.33 9.21 9.10 9.00 8.91 8.84 8.78 8.73 8.69 8.66 8.65 8.64 8.65 8.66 8.67 8.67 8.64 8.56 8.43 8.25 8.01 7.72 7.37 6.97 6.51 6.01 5.47 4.92 4.36 3.81 3.25 2.70 2.16 1.61 1.07 0.54 0.00 
20.00 19.38 18.76 18.15 17.55 16.96 16.39 15.84 15.31 14.80 14.32 13.85 13.41 13.00 12.60 12.23 11.88 11.55 11.24 10.95 10.68 10.43 10.19 9.97 9.77 9.58 9.40 9.24 9.09 8.96 8.83 8.72 8.62 8.53 8.46 8.39 8.33 8.29 8.25 8.22 8.20 8.18 8.17 8.14 8.11 8.05 7.95 7.81 7.63 7.40 7.12 6.80 6.43 6.01 5.56 5.08 4.59 4.08 3.57 3.05 2.54 2.03 1.52 1.01 0.51 0.00 
20.00 19.34 18.68 18.03 17.40 16.78 16.18 15.60 15.04 14.51 14.01 13.53 13.07 12.64 12.24 11.86 11.50 11.17 10.86 10.57 10.29 10.04 9.80 9.58 9.38 9.19 9.01 8.85 8.70 8.57 8.44 8.33 8.23 8.14 8.06 7.99 7.93 7.87 7.83 7.79 7.75 7.72 7.68 7.63 7.57 7.49 7.38 7.23 7.05 6.83 6.57 6.27 5.93 5.55 5.14 4.71 4.26 3.80 3.33 2.86 2.38 1.90 1.43 0.95 0.48 0.00 
20.00 19.29 18.59 17.90 17.23 16.57 15.94 15.33 14.75 14.19 13.67 13.17 12.70 12.26 11.85 11.46 11.10 10.76 10.45 10.16 9.88 9.63 9.39 9.17 8.97 8.78 8.61 8.45 8.30 8.17 8.04 7.93 7.83 7.74 7.65 7.58 7.51 7.45 7.40 7.35 7.30 7.25 7.20 7.14 7.06 6.96 6.85 6.70 6.52 6.30 6.06 5.78 5.46 5.12 4.75 4.36 3.95 3.53 3.10 2.66 2.22 1.78 1.33 0.89 0.44 0.00 
20.00 19.25 18.50 17.76 17.04 16.35 15.68 15.04 14.43 13.85 13.30 12.79 12.31 11.86 11.44 11.04 10.68 10.34 10.02 9.73 9.45 9.20 8.97 8.75 8.55 8.36 8.19 8.03 7.89 7.75 7.63 7.52 7.42 7.32 7.24 7.16 7.09 7.03 6.97 6.91 6.85 6.79 6.73 6.65 6.57 6.46 6.34 6.19 6.01 5.81 5.58 5.32 5.03 4.72 4.38 4.02 3.65 3.26 2.87 2.47 2.06 1.65 1.24 0.83 0.41 0.00 
20.00 19.19 18.39 17.60 16.83 16.09 15.38 14.71 14.07 13.47 12.90 12.37 11.88 11.42 10.99 10.60 10.23 9.89 9.57 9.28 9.01 8.76 8.52 8.31 8.11 7.93 7.76 7.60 7.46 7.33 7.21 7.10 7.00 6.90 6.82 6.74 6.67 6.60 6.53 6.47 6.40 6.34 6.26 6.18 6.09 5.98 5.86 5.71 5.54 5.35 5.13 4.89 4.62 4.33 4.03 3.70 3.36 3.01 2.65 2.28 1.91 1.53 1.15 0.77 0.38 0.00 
20.00 19.13 18.26 17.42 16.60 15.81 15.06 14.35 13.68 13.05 12.47 11.92 11.42 10.95 10.52 10.12 9.75 9.41 9.10 8.81 8.54 8.29 8.06 7.85 7.66 7.48 7.32 7.16 7.02 6.90 6.78 6.67 6.57 6.48 6.39 6.31 6.24 6.17 6.10 6.03 5.96 5.89 5.81 5.73 5.63 5.52 5.39 5.25 5.09 4.91 4.70 4.48 4.24 3.97 3.69 3.40 3.09 2.77 2.44 2.10 1.76 1.41 1.06 0.71 0.35 0.00 
20.00 19.05 18.12 17.21 16.33 15.49 14.69 13.94 13.24 12.59 11.99 11.43 10.92 10.45 10.01 9.61 9.25 8.91 8.60 8.31 8.05 7.81 7.58 7.38 7.19 7.02 6.86 6.71 6.58 6.45 6.34 6.23 6.13 6.04 5.96 5.88 5.80 5.73 5.66 5.59 5.52 5.44 5.36 5.28 5.18 5.07 4.95 4.81 4.66 4.49 4.30 4.09 3.87 3.63 3.37 3.10 2.82 2.53 2.23 1.92 1.61 1.29 0.97 0.65 0.32 0.00 
20.00 18.97 17.96 16.97 16.02 15.12 14.28 13.49 12.76 12.09 11.47 10.90 10.38 9.91 9.47 9.07 8.71 8.38 8.07 7.79 7.54 7.30 7.09 6.89 6.71 6.54 6.39 6.25 6.12 6.00 5.89 5.78 5.69 5.60 5.52 5.44 5.37 5.29 5.22 5.15 5.08 5.01 4.93 4.84 4.74 4.64 4.52 4.39 4.25 4.09 3.91 3.72 3.52 3.30 3.07 2.82 2.57 2.30 2.03 1.75 1.47 1.18 0.89 0.59 0.30 0.00 
20.00 18.87 17.76 16.69 15.67 14.71 13.81 12.98 12.22 11.53 10.90 10.32 9.80 9.32 8.89 8.50 8.14 7.82 7.52 7.25 7.01 6.78 6.57 6.38 6.21 6.05 5.90 5.77 5.65 5.53 5.43 5.33 5.24 5.15 5.07 5.00 4.93 4.86 4.79 4.72 4.65 4.57 4.49 4.41 4.32 4.22 4.11 3.98 3.85 3.70 3.54 3.37 3.18 2.98 2.77 2.55 2.32 2.08 1.84 1.59 1.33 1.07 0.80 0.54 0.27 0.00 
20.00 18.75 17.53 16.36 15.25 14.22 13.27 12.40 11.62 10.91 10.26 9.69 9.17 8.70 8.27 7.89 7.55 7.23 6.95 6.69 6.45 6.24 6.04 5.86 5.70 5.55 5.41 5.28 5.17 5.06 4.96 4.87 4.78 4.70 4.63 4.55 4.48 4.42 4.35 4.28 4.21 4.14 4.07 3.99 3.90 3.81 3.70 3.59 3.46 3.33 3.18 3.03 2.86 2.68 2.49 2.29 2.09 1.87 1.65 1.43 1.19 0.96 0.72 0.48 0.24 0.00 
20.00 18.61 17.25 15.96 14.76 13.65 12.65 11.75 10.94 10.21 9.57 9.00 8.48 8.03 7.62 7.25 6.92 6.62 6.35 6.10 5.88 5.68 5.49 5.33 5.17 5.03 4.90 4.79 4.68 4.58 4.49 4.40 4.32 4.24 4.17 4.11 4.04 3.98 3.91 3.85 3.79 3.72 3.65 3.57 3.49 3.40 3.31 3.20 3.09 2.97 2.84 2.70 2.55 2.39 2.22 2.04 1.86 1.67 1.47 1.27 1.06 0.86 0.64 0.43 0.22 0.00 
20.00 18.43 16.91 15.48 14.17 12.98 11.93 10.99 10.17 9.44 8.81 8.24 7.75 7.31 6.91 6.57 6.25 5.97 5.72 5.49 5.29 5.10 4.93 4.78 4.64 4.51 4.39 4.28 4.18 4.09 4.00 3.93 3.85 3.78 3.72 3.66 3.59 3.54 3.48 3.42 3.36 3.30 3.23 3.16 3.09 3.01 2.92 2.83 2.73 2.62 2.50 2.38 2.24 2.10 1.95 1.80 1.64 1.47 1.30 1.12 0.94 0.75 0.57 0.38 0.19 0.00 
20.00 18.20 16.48 14.88 13.45 12.19 11.08 10.13 9.30 8.59 7.97 7.43 6.95 6.54 6.17 5.85 5.56 5.30 5.07 4.86 4.67 4.51 4.35 4.21 4.09 3.97 3.86 3.77 3.68 3.59 3.52 3.45 3.38 3.32 3.26 3.20 3.15 3.09 3.04 2.99 2.93 2.88 2.82 2.76 2.69 2.62 2.54 2.46 2.37 2.27 2.17 2.06 1.95 1.82 1.69 1.56 1.42 1.27 1.12 0.97 0.81 0.65 0.49 0.33 0.16 0.00 
20.00 17.90 15.91 14.12 12.56 11.23 10.10 9.14 8.33 7.64 7.05 6.54 6.10 5.72 5.39 5.09 4.83 4.60 4.39 4.21 4.04 3.89 3.76 3.64 3.52 3.42 3.33 3.24 3.16 3.09 3.03 2.96 2.91 2.85 2.80 2.75 2.70 2.65 2.61 2.56 2.51 2.46 2.41 2.36 2.30 2.23 2.17 2.10 2.02 1.94 1.85 1.76 1.66 1.55 1.44 1.33 1.21 1.08 0.96 0.83 0.69 0.56 0.42 0.28 0.14 0.00 
20.00 17.47 15.15 13.13 11.45 10.07 8.93 8.00 7.23 6.59 6.04 5.59 5.19 4.86 4.56 4.30 4.08 3.88 3.70 3.54 3.40 3.27 3.15 3.05 2.95 2.87 2.79 2.71 2.65 2.59 2.53 2.48 2.43 2.38 2.34 2.29 2.25 2.21 2.17 2.13 2.09 2.05 2.00 1.96 1.91 1.86 1.80 1.74 1.68 1.61 1.53 1.45 1.37 1.29 1.19 1.10 1.00 0.90 0.79 0.68 0.57 0.46 0.35 0.23 0.12 0.00 
20.00 16.84 14.07 11.82 10.04 8.65 7.56 6.70 6.00 5.43 4.96 4.57 4.23 3.95 3.70 3.48 3.30 3.13 2.98 2.85 2.74 2.63 2.54 2.45 2.37 2.30 2.24 2.18 2.12 2.07 2.03 1.98 1.94 1.91 1.87 1.84 1.80 1.77 1.74 1.70 1.67 1.64 1.60 1.56 1.52 1.48 1.44 1.39 1.33 1.28 1.22 1.16 1.09 1.02 0.95 0.87 0.80 0.71 0.63 0.54 0.46 0.37 0.28 0.18 0.09 0.00 
20.00 15.82 12.48 10.02 8.25 6.94 5.97 5.23 4.65 4.18 3.80 3.49 3.22 3.00 2.81 2.64 2.49 2.37 2.25 2.15 2.06 1.98 1.91 1.84 1.79 1.73 1.68 1.64 1.60 1.56 1.52 1.49 1.46 1.43 1.40 1.38 1.35 1.33 1.30 1.28 1.25 1.23 1.20 1.17 1.14 1.11 1.07 1.04 1.00 0.96 0.91 0.87 0.82 0.76 0.71 0.65 0.59 0.53 0.47 0.41 0.34 0.27 0.21 0.14 0.07 0.00 
20.00 13.96 10.01 7.55 5.97 4.91 4.15 3.60 3.17 2.84 2.57 2.35 2.17 2.02 1.89 1.77 1.67 1.59 1.51 1.44 1.38 1.33 1.28 1.23 1.19 1.16 1.12 1.09 1.07 1.04 1.02 1.00 0.97 0.96 0.94 0.92 0.90 0.89 0.87 0.85 0.83 0.82 0.80 0.78 0.76 0.74 0.71 0.69 0.66 0.64 0.61 0.58 0.54 0.51 0.47 0.43 0.40 0.35 0.31 0.27 0.23 0.18 0.14 0.09 0.05 0.00 
20.00 10.00 6.05 4.20 3.18 2.56 2.14 1.84 1.61 1.44 1.30 1.19 1.09 1.01 0.95 0.89 0.84 0.80 0.76 0.72 0.69 0.66 0.64 0.62 0.60 0.58 0.56 0.55 0.53 0.52 0.51 0.50 0.49 0.48 0.47 0.46 0.45 0.44 0.43 0.43 0.42 0.41 0.40 0.39 0.38 0.37 0.36 0.34 0.33 0.32 0.30 0.29 0.27 0.25 0.24 0.22 0.20 0.18 0.16 0.13 0.11 0.09 0.07 0.05 0.02 0.00 
20.00 20.00 20.00 20.00 20.00 20.00 20.00 20.00 20.00 20.00 20.00 20.00 20.00 20.00 20.00 20.00 20.00 20.00 20.00 20.00 20.00 20.00 20.00 20.00 20.00 20.00 20.00 20.00 20.00 20.00 20.00 20.00 20.00 20.00 20.00 20.00 20.00 20.00 20.00 20.00 20.00 20.00 20.00 20.00 20.00 20.00 20.00 20.00 20.00 20.00 20.00 20.00 20.00 20.00 20.00 20.00 20.00 20.00 20.00 20.00 20.00 20.00 20.00 20.00 20.00 0.00 
