0.020000
0.010000
0.020000
0.020000
0.010000
0.020000
0.010000
0.020000
0.020000
0.010000
0.020000
0.020000
0.010000
0.020000
0.010000
0.020000
0.010000
0.020000
0.020000
0.010000
0.020000
0.010000
0.020000
0.010000
0.020000
0.020000
0.010000
0.020000
0.010000
0.020000
0.010000
0.020000
0.020000
0.010000
0.020000
0.010000
0.020000
0.010000
0.020000
0.010000
0.020000
0.020000
0.010000
0.020000
0.010000
0.020000
0.010000
0.020000
0.020000
0.010000
0.020000
0.010000
0.020000
0.010000
0.020000
0.010000
0.020000
0.020000
0.010000
0.020000
0.010000
0.020000
0.010000
0.020000
0.020000
0.010000
0.020000
0.010000
0.020000
0.010000
0.020000
0.020000
0.010000
0.020000
0.010000
0.020000
0.020000
0.010000
0.020000
0.010000
0.020000
0.020000
0.010000
0.020000
0.020000
0.010000
0.020000
0.010000
0.020000
0.020000
0.010000
0.020000
0.010000
0.020000
0.020000
0.010000
0.020000
0.010000
0.020000
0.020000
0.010000
0.020000
0.010000
0.020000
0.020000
0.010000
0.020000
0.010000
0.020000
0.020000
0.010000
0.020000
0.010000
0.020000
0.010000
0.020000
0.020000
0.010000
0.020000
0.010000
0.020000
0.010000
0.020000
0.020000
0.010000
0.020000
0.010000
0.020000
0.010000
0.020000
0.020000
0.010000
0.020000
0.010000
0.020000
0.020000
0.010000
0.020000
0.010000
0.020000
0.020000
0.010000
0.020000
0.010000
0.020000
0.010000
0.020000
0.010000
0.020000
0.020000
0.010000
0.020000
0.010000
0.020000
0.010000
0.020000
0.010000
0.020000
0.010000
0.020000
0.020000
0.010000
0.020000
0.010000
0.020000
0.010000
0.020000
0.020000
0.010000
0.020000
0.010000
0.020000
0.010000
0.020000
0.010000
0.020000
0.010000
0.020000
0.020000
0.010000
0.020000
0.010000
0.020000
0.010000
0.020000
0.010000
0.020000
0.020000
0.010000
0.020000
0.010000
   607.523    528.820 0 # matmult_kmn
