0.020000
0.010000
0.020000
0.010000
0.020000
0.020000
0.010000
0.020000
0.010000
0.020000
0.010000
0.020000
0.020000
0.010000
0.020000
0.010000
0.020000
0.010000
0.020000
0.010000
0.020000
0.020000
0.010000
0.020000
0.010000
0.020000
0.010000
0.020000
0.010000
0.020000
0.020000
0.010000
0.020000
0.010000
0.020000
0.010000
0.020000
0.020000
0.010000
0.020000
0.010000
0.020000
0.010000
0.020000
0.020000
0.010000
0.020000
0.010000
0.020000
0.010000
0.020000
0.010000
0.020000
0.020000
0.010000
0.020000
0.010000
0.020000
0.010000
0.020000
0.010000
0.020000
0.020000
0.010000
0.020000
0.010000
0.020000
0.010000
0.020000
0.020000
0.010000
0.020000
0.010000
0.020000
0.010000
0.020000
0.010000
0.020000
0.020000
0.010000
0.020000
0.010000
0.020000
0.010000
0.020000
0.020000
0.010000
0.020000
0.010000
0.020000
0.010000
0.020000
0.010000
0.020000
0.010000
0.020000
0.020000
0.010000
0.020000
0.010000
0.020000
0.020000
0.010000
0.020000
0.010000
0.020000
0.010000
0.020000
0.010000
0.020000
0.020000
0.010000
0.020000
0.010000
0.020000
0.010000
0.020000
0.020000
0.010000
0.020000
0.010000
0.020000
0.010000
0.020000
0.010000
0.020000
0.020000
0.010000
0.020000
0.010000
0.020000
0.020000
0.010000
0.020000
0.020000
0.010000
0.020000
0.020000
0.010000
0.020000
0.020000
0.010000
0.020000
0.010000
0.020000
0.020000
0.010000
0.020000
0.020000
0.010000
0.020000
0.020000
0.010000
0.020000
0.010000
0.020000
0.020000
0.010000
0.020000
0.020000
0.010000
0.020000
0.020000
0.010000
0.020000
0.010000
0.020000
0.020000
0.010000
0.020000
0.010000
0.020000
0.020000
0.010000
0.020000
0.010000
0.020000
0.020000
0.010000
0.020000
0.020000
0.010000
0.020000
0.010000
0.020000
0.020000
0.010000
0.020000
0.010000
0.020000
   607.523    526.168 0 # matmult_kmn
