0.060000
0.050000
0.050000
0.050000
0.060000
0.050000
0.050000
0.050000
0.060000
0.050000
0.050000
0.050000
0.060000
0.050000
0.050000
0.050000
0.060000
0.050000
0.050000
0.050000
0.060000
0.050000
0.050000
0.060000
0.050000
0.050000
0.060000
0.050000
0.050000
0.050000
0.060000
0.050000
0.050000
0.060000
0.050000
0.050000
0.060000
0.050000
0.050000
0.060000
0.050000
0.050000
0.060000
0.050000
0.050000
0.050000
0.060000
0.050000
0.050000
0.060000
0.050000
0.050000
0.050000
0.060000
0.050000
0.050000
0.060000
  1361.273    529.153 0 # matmult_kmn
