0.050000
0.050000
0.060000
0.050000
0.050000
0.050000
0.060000
0.050000
0.050000
0.050000
0.050000
0.060000
0.050000
0.050000
0.050000
0.060000
0.050000
0.050000
0.050000
0.050000
0.050000
0.060000
0.050000
0.050000
0.050000
0.060000
0.050000
0.050000
0.050000
0.060000
0.050000
0.050000
0.050000
0.050000
0.060000
0.050000
0.050000
0.050000
0.050000
0.060000
0.050000
0.050000
0.050000
0.050000
0.060000
0.050000
0.050000
0.050000
0.060000
0.050000
0.050000
0.050000
0.050000
0.060000
0.050000
0.050000
0.050000
0.060000
  1361.273    536.422 0 # matmult_kmn
