0.040000
0.030000
0.030000
0.030000
0.030000
0.030000
0.030000
0.030000
0.040000
0.030000
0.030000
0.030000
0.030000
0.030000
0.030000
0.040000
0.030000
0.030000
0.030000
0.030000
0.030000
0.030000
0.030000
0.030000
0.040000
0.030000
0.030000
0.030000
0.030000
0.030000
0.030000
0.030000
0.030000
0.040000
0.030000
0.030000
0.030000
0.030000
0.030000
0.030000
0.030000
0.030000
0.040000
0.030000
0.030000
0.030000
0.030000
0.030000
0.030000
0.030000
0.040000
0.030000
0.030000
0.030000
0.030000
0.030000
0.030000
0.030000
0.030000
0.040000
0.030000
0.030000
0.030000
0.030000
0.030000
0.030000
0.030000
0.040000
0.030000
0.030000
0.030000
0.030000
0.030000
0.030000
0.030000
0.030000
0.040000
0.030000
0.030000
0.030000
0.030000
0.030000
0.030000
0.030000
0.040000
0.030000
0.030000
0.030000
0.030000
0.030000
0.030000
0.030000
0.030000
0.040000
0.030000
0.030000
0.030000
  2415.023   2119.659 0 # matmult_mkn
