0.040000
0.030000
0.030000
0.030000
0.030000
0.040000
0.030000
0.030000
0.030000
0.030000
0.040000
0.030000
0.030000
0.030000
0.030000
0.040000
0.030000
0.030000
0.030000
0.030000
0.030000
0.030000
0.030000
0.030000
0.040000
0.030000
0.030000
0.030000
0.030000
0.030000
0.030000
0.030000
0.030000
0.040000
0.030000
0.030000
0.030000
0.030000
0.030000
0.030000
0.030000
0.040000
0.030000
0.030000
0.030000
0.030000
0.030000
0.030000
0.030000
0.040000
0.030000
0.030000
0.030000
0.030000
0.030000
0.030000
0.030000
0.030000
0.040000
0.030000
0.030000
0.030000
0.030000
0.030000
0.030000
0.030000
0.040000
0.030000
0.030000
0.030000
0.030000
0.030000
0.030000
0.030000
0.030000
0.040000
0.030000
0.030000
0.030000
0.030000
0.030000
0.030000
0.030000
0.040000
0.030000
0.030000
0.030000
0.030000
0.030000
0.030000
0.030000
0.030000
0.040000
0.030000
0.030000
0.030000
  2415.023   2113.478 0 # matmult_mkn
