0.030000
0.030000
0.030000
0.030000
0.030000
0.030000
0.030000
0.030000
0.030000
0.030000
0.030000
0.020000
0.030000
0.030000
0.030000
0.030000
0.030000
0.030000
0.030000
0.030000
0.030000
0.030000
0.030000
0.030000
0.030000
0.030000
0.030000
0.030000
0.020000
0.030000
0.030000
0.030000
0.030000
0.030000
0.030000
0.030000
0.030000
0.030000
0.030000
0.030000
0.030000
0.020000
0.030000
0.030000
0.030000
0.030000
0.030000
0.030000
0.030000
0.030000
0.030000
0.030000
0.030000
0.030000
0.020000
0.030000
0.030000
0.030000
0.030000
0.030000
0.030000
0.030000
0.030000
0.030000
0.030000
0.030000
0.030000
0.030000
0.020000
0.030000
0.030000
0.030000
0.030000
0.030000
0.030000
0.030000
0.030000
0.030000
0.030000
0.030000
0.030000
0.030000
0.020000
0.030000
0.030000
0.030000
0.030000
0.030000
0.030000
0.030000
0.030000
0.030000
0.030000
0.030000
0.030000
0.030000
0.020000
0.030000
0.030000
0.030000
0.030000
0.030000
0.030000
  2415.023   2254.765 0 # matmult_mkn
