0.040000
0.040000
0.030000
0.040000
0.030000
0.030000
0.040000
0.030000
0.040000
0.030000
0.030000
0.040000
0.030000
0.030000
0.040000
0.030000
0.040000
0.030000
0.030000
0.040000
0.030000
0.040000
0.030000
0.030000
0.040000
0.030000
0.040000
0.030000
0.030000
0.040000
0.030000
0.040000
0.030000
0.030000
0.040000
0.030000
0.030000
0.040000
0.030000
0.030000
0.040000
0.030000
0.030000
0.040000
0.030000
0.030000
0.040000
0.030000
0.030000
0.040000
0.030000
0.040000
0.030000
0.030000
0.040000
0.030000
0.030000
0.040000
0.030000
0.030000
0.040000
0.030000
0.030000
0.040000
0.030000
0.040000
0.030000
0.030000
0.040000
0.030000
0.030000
0.040000
0.030000
0.030000
0.040000
0.030000
0.030000
0.040000
0.030000
0.030000
0.040000
0.030000
0.040000
0.030000
0.030000
0.040000
0.030000
0.030000
0.040000
  1361.273    830.004 0 # matmult_mnk
