0.040000
0.030000
0.040000
0.030000
0.040000
0.030000
0.040000
0.030000
0.030000
0.040000
0.030000
0.030000
0.040000
0.030000
0.030000
0.040000
0.030000
0.040000
0.030000
0.030000
0.040000
0.030000
0.030000
0.040000
0.030000
0.030000
0.040000
0.030000
0.030000
0.040000
0.030000
0.030000
0.040000
0.030000
0.030000
0.040000
0.030000
0.040000
0.030000
0.030000
0.040000
0.030000
0.030000
0.040000
0.030000
0.030000
0.040000
0.030000
0.030000
0.040000
0.030000
0.030000
0.040000
0.030000
0.030000
0.040000
0.030000
0.030000
0.040000
0.030000
0.030000
0.040000
0.030000
0.040000
0.030000
0.030000
0.040000
0.030000
0.030000
0.040000
0.030000
0.030000
0.040000
0.030000
0.030000
0.040000
0.030000
0.030000
0.040000
0.030000
0.040000
0.030000
0.030000
0.040000
0.030000
0.030000
0.040000
0.030000
0.030000
0.040000
  1361.273    833.136 0 # matmult_mnk
