0.030000
0.020000
0.030000
0.020000
0.030000
0.020000
0.030000
0.020000
0.030000
0.020000
0.030000
0.020000
0.030000
0.020000
0.030000
0.020000
0.030000
0.020000
0.030000
0.020000
0.030000
0.020000
0.030000
0.020000
0.030000
0.020000
0.020000
0.030000
0.020000
0.030000
0.020000
0.030000
0.020000
0.030000
0.020000
0.030000
0.020000
0.030000
0.020000
0.030000
0.020000
0.030000
0.020000
0.020000
0.030000
0.020000
0.030000
0.020000
0.020000
0.030000
0.020000
0.030000
0.020000
0.020000
0.030000
0.020000
0.030000
0.020000
0.030000
0.020000
0.020000
0.030000
0.020000
0.030000
0.020000
0.030000
0.020000
0.020000
0.030000
0.020000
0.030000
0.020000
0.020000
0.030000
0.020000
0.030000
0.020000
0.020000
0.030000
0.020000
0.030000
0.020000
0.030000
0.020000
0.020000
0.030000
0.020000
0.030000
0.020000
0.030000
0.020000
0.020000
0.030000
0.020000
0.030000
0.020000
0.020000
0.030000
0.020000
0.030000
0.020000
0.020000
0.030000
0.020000
0.030000
0.020000
0.020000
0.030000
0.020000
0.030000
0.020000
0.030000
0.020000
0.020000
0.030000
0.020000
0.030000
0.020000
0.030000
0.020000
0.030000
0.020000
0.030000
  1361.273   1144.781 0 # matmult_nkm
