0.020000
0.020000
0.020000
0.020000
0.030000
0.020000
0.020000
0.020000
0.020000
0.020000
0.020000
0.020000
0.030000
0.020000
0.020000
0.020000
0.020000
0.020000
0.030000
0.020000
0.020000
0.020000
0.020000
0.020000
0.020000
0.020000
0.030000
0.020000
0.020000
0.020000
0.020000
0.020000
0.020000
0.020000
0.020000
0.020000
0.030000
0.020000
0.020000
0.020000
0.020000
0.020000
0.020000
0.020000
0.020000
0.030000
0.020000
0.020000
0.020000
0.020000
0.020000
0.020000
0.020000
0.020000
0.020000
0.030000
0.020000
0.020000
0.020000
0.020000
0.020000
0.020000
0.020000
0.020000
0.030000
0.020000
0.020000
0.020000
0.020000
0.020000
0.020000
0.030000
0.020000
0.020000
0.020000
0.020000
0.020000
0.020000
0.020000
0.030000
0.020000
0.020000
0.020000
0.020000
0.020000
0.020000
0.020000
0.020000
0.030000
0.020000
0.020000
0.020000
0.020000
0.020000
0.020000
0.020000
0.020000
0.020000
0.030000
0.020000
0.020000
0.020000
0.020000
0.020000
0.020000
0.020000
0.020000
0.030000
0.020000
0.020000
0.020000
0.020000
0.020000
0.020000
0.020000
0.020000
0.020000
0.030000
0.020000
0.020000
0.020000
0.020000
0.020000
0.020000
0.020000
0.020000
0.030000
0.020000
0.020000
0.020000
0.020000
0.020000
0.020000
0.020000
0.020000
0.020000
0.030000
0.020000
0.020000
0.020000
0.020000
0.020000
  1361.273   1322.291 0 # matmult_nkm
