0.020000
0.020000
0.020000
0.020000
0.010000
0.020000
0.020000
0.020000
0.020000
0.020000
0.020000
0.020000
0.020000
0.020000
0.020000
0.010000
0.020000
0.020000
0.020000
0.020000
0.020000
0.020000
0.020000
0.020000
0.020000
0.020000
0.010000
0.020000
0.020000
0.020000
0.020000
0.020000
0.020000
0.020000
0.020000
0.020000
0.010000
0.020000
0.020000
0.020000
0.020000
0.020000
0.020000
0.020000
0.020000
0.020000
0.010000
0.020000
0.020000
0.020000
0.020000
0.020000
0.020000
0.020000
0.020000
0.020000
0.020000
0.010000
0.020000
0.020000
0.020000
0.020000
0.020000
0.020000
0.020000
0.020000
0.020000
0.010000
0.020000
0.020000
0.020000
0.020000
0.020000
0.020000
0.020000
0.020000
0.020000
0.020000
0.020000
0.010000
0.020000
0.020000
0.020000
0.020000
0.020000
0.020000
0.020000
0.020000
0.020000
0.020000
0.010000
0.020000
0.020000
0.020000
0.020000
0.020000
0.020000
0.020000
0.020000
0.020000
0.020000
0.010000
0.020000
0.020000
0.020000
0.020000
0.020000
0.020000
0.020000
0.020000
0.020000
0.020000
0.010000
0.020000
0.020000
0.020000
0.020000
0.020000
0.020000
0.020000
0.020000
0.020000
0.010000
0.020000
0.020000
0.020000
0.020000
0.020000
0.020000
0.020000
0.020000
0.020000
0.020000
0.010000
0.020000
0.020000
0.020000
0.020000
0.020000
0.020000
0.020000
0.020000
0.020000
0.010000
0.020000
0.020000
0.020000
0.020000
0.020000
0.020000
0.020000
0.020000
0.020000
0.020000
0.010000
0.020000
0.020000
0.020000
  1361.273   1466.345 0 # matmult_knm
