0.050000
0.060000
0.050000
0.050000
0.060000
0.050000
0.050000
0.060000
0.050000
0.050000
0.060000
0.050000
0.050000
0.060000
0.050000
0.050000
0.060000
0.050000
0.050000
0.060000
0.050000
0.050000
0.050000
0.060000
0.050000
0.050000
0.060000
0.050000
0.050000
0.060000
0.050000
0.050000
0.060000
0.050000
0.050000
0.060000
0.050000
0.050000
0.060000
0.050000
0.050000
0.050000
0.060000
0.050000
0.050000
0.060000
0.050000
0.050000
0.060000
0.050000
0.050000
0.050000
0.060000
0.050000
0.050000
0.060000
0.050000
  2415.023   1244.431 0 # matmult_knm
