0.060000
0.060000
0.060000
0.050000
0.060000
0.060000
0.060000
0.050000
0.060000
0.060000
0.050000
0.060000
0.060000
0.060000
0.050000
0.060000
0.060000
0.060000
0.050000
0.060000
0.060000
0.060000
0.060000
0.060000
0.060000
0.050000
0.060000
0.060000
0.060000
0.060000
0.050000
0.060000
0.060000
0.060000
0.060000
0.050000
0.060000
0.060000
0.060000
0.050000
0.060000
0.060000
0.060000
0.050000
0.060000
0.060000
0.060000
0.060000
0.050000
0.060000
0.060000
0.060000
  2415.023   1145.768 0 # matmult_nkm
