0.050000
0.050000
0.050000
0.060000
0.050000
0.050000
0.050000
0.060000
0.050000
0.050000
0.050000
0.060000
0.050000
0.050000
0.050000
0.050000
0.060000
0.050000
0.050000
0.050000
0.050000
0.060000
0.050000
0.050000
0.050000
0.060000
0.050000
0.050000
0.050000
0.060000
0.050000
0.050000
0.050000
0.050000
0.060000
0.050000
0.050000
0.050000
0.060000
0.050000
0.050000
0.060000
0.050000
0.050000
0.060000
0.050000
0.060000
0.050000
0.050000
0.060000
0.050000
0.060000
0.050000
0.050000
0.060000
0.050000
0.050000
  2415.023   1252.800 0 # matmult_nkm
