0.030000
0.020000
0.030000
0.020000
0.030000
0.020000
0.030000
0.020000
0.030000
0.020000
0.030000
0.020000
0.030000
0.020000
0.030000
0.020000
0.030000
0.020000
0.030000
0.020000
0.030000
0.020000
0.030000
0.020000
0.030000
0.020000
0.030000
0.020000
0.030000
0.020000
0.030000
0.020000
0.030000
0.020000
0.020000
0.030000
0.020000
0.030000
0.020000
0.030000
0.020000
0.020000
0.030000
0.020000
0.030000
0.020000
0.030000
0.020000
0.030000
0.020000
0.020000
0.030000
0.020000
0.030000
0.020000
0.020000
0.030000
0.020000
0.030000
0.020000
0.030000
0.020000
0.030000
0.020000
0.020000
0.030000
0.020000
0.030000
0.020000
0.030000
0.020000
0.030000
0.020000
0.030000
0.020000
0.020000
0.030000
0.020000
0.030000
0.020000
0.030000
0.020000
0.030000
0.020000
0.030000
0.020000
0.020000
0.030000
0.020000
0.030000
0.020000
0.030000
0.020000
0.020000
0.030000
0.020000
0.030000
0.020000
0.030000
0.020000
0.030000
0.020000
0.020000
0.030000
0.020000
0.030000
0.020000
0.030000
0.020000
0.030000
0.020000
0.030000
0.020000
0.030000
0.020000
0.030000
0.020000
0.030000
0.020000
0.030000
0.020000
0.030000
  1361.273   1135.526 0 # matmult_knm
