0.040000
0.030000
0.040000
0.030000
0.040000
0.030000
0.030000
0.040000
0.030000
0.030000
0.040000
0.030000
0.030000
0.040000
0.030000
0.040000
0.030000
0.030000
0.040000
0.030000
0.030000
0.040000
0.030000
0.030000
0.040000
0.030000
0.030000
0.040000
0.030000
0.040000
0.030000
0.030000
0.040000
0.030000
0.030000
0.040000
0.030000
0.030000
0.040000
0.030000
0.040000
0.030000
0.030000
0.040000
0.030000
0.040000
0.030000
0.030000
0.040000
0.030000
0.030000
0.040000
0.030000
0.040000
0.030000
0.030000
0.040000
0.030000
0.030000
0.040000
0.030000
0.030000
0.040000
0.030000
0.040000
0.030000
0.030000
0.040000
0.030000
0.030000
0.040000
0.030000
0.030000
0.040000
0.030000
0.040000
0.030000
0.030000
0.040000
0.030000
0.030000
0.040000
0.030000
0.030000
0.040000
0.030000
0.030000
0.040000
0.030000
0.040000
  1361.273    831.113 0 # matmult_nmk
