0.030000
0.010000
0.020000
0.020000
0.010000
0.020000
0.020000
0.020000
0.010000
0.020000
0.020000
0.010000
0.020000
0.020000
0.010000
0.020000
0.020000
0.010000
0.020000
0.020000
0.010000
0.020000
0.020000
0.020000
0.010000
0.020000
0.020000
0.010000
0.020000
0.020000
0.010000
0.020000
0.020000
0.010000
0.020000
0.020000
0.010000
0.020000
0.020000
0.020000
0.010000
0.020000
0.020000
0.010000
0.020000
0.020000
0.010000
0.020000
0.020000
0.010000
0.020000
0.020000
0.010000
0.020000
0.020000
0.020000
0.010000
0.020000
0.020000
0.010000
0.020000
0.020000
0.010000
0.020000
0.020000
0.010000
0.020000
0.020000
0.010000
0.020000
0.020000
0.020000
0.010000
0.020000
0.020000
0.010000
0.020000
0.020000
0.010000
0.020000
0.020000
0.010000
0.020000
0.020000
0.010000
0.020000
0.020000
0.020000
0.010000
0.020000
0.020000
0.010000
0.020000
0.020000
0.010000
0.020000
0.020000
0.010000
0.020000
0.020000
0.010000
0.020000
0.020000
0.020000
0.010000
0.020000
0.020000
0.010000
0.020000
0.020000
0.010000
0.020000
0.020000
0.010000
0.020000
0.020000
0.010000
0.020000
0.020000
0.020000
0.010000
0.020000
0.020000
0.010000
0.020000
0.020000
0.010000
0.020000
0.020000
0.010000
0.020000
0.020000
0.010000
0.020000
0.020000
0.020000
0.010000
0.020000
0.020000
0.010000
0.020000
0.020000
0.010000
0.020000
0.020000
0.010000
0.020000
0.020000
0.010000
0.020000
0.020000
0.020000
0.010000
0.020000
0.020000
0.010000
0.020000
0.020000
0.010000
0.020000
0.020000
0.010000
0.020000
0.020000
0.010000
0.020000
0.020000
0.020000
0.010000
0.020000
0.020000
0.010000
0.020000
0.020000
0.010000
0.020000
0.020000
0.010000
   607.523    493.313 0 # matmult_nkm
