Jacobi method 
N: 16
Iterations: 2024
Distance: 0.000000000000000000
20.00 20.00 20.00 20.00 20.00 20.00 20.00 20.00 20.00 20.00 20.00 20.00 20.00 20.00 20.00 20.00 20.00 20.00 
20.00 19.88 19.76 19.64 19.52 19.40 19.27 19.13 18.98 18.79 18.55 18.23 17.79 17.12 16.05 14.12 10.09 0.00 
20.00 19.76 19.52 19.28 19.04 18.80 18.55 18.29 17.99 17.63 17.18 16.60 15.79 14.64 12.95 10.34 6.22 0.00 
20.00 19.64 19.27 18.92 18.56 18.21 17.85 17.47 17.05 16.56 15.96 15.18 14.14 12.72 10.76 8.08 4.47 0.00 
20.00 19.51 19.02 18.55 18.08 17.63 17.17 16.70 16.19 15.61 14.91 14.02 12.86 11.32 9.31 6.73 3.58 0.00 
20.00 19.38 18.77 18.17 17.60 17.04 16.50 15.96 15.39 14.77 14.05 13.14 11.96 10.41 8.42 5.96 3.11 0.00 
20.00 19.24 18.49 17.78 17.09 16.44 15.83 15.24 14.66 14.05 13.36 12.53 11.43 9.94 7.99 5.60 2.88 0.00 
20.00 19.09 18.19 17.34 16.55 15.81 15.14 14.52 13.95 13.40 12.83 12.18 11.29 9.93 8.00 5.55 2.84 0.00 
20.00 18.91 17.85 16.86 15.94 15.12 14.39 13.76 13.22 12.76 12.38 12.05 11.64 10.50 8.52 5.78 2.90 0.00 
20.00 18.70 17.45 16.29 15.25 14.33 13.55 12.90 12.40 12.04 11.89 12.02 12.70 11.90 9.79 6.16 3.00 0.00 
20.00 18.44 16.96 15.61 14.42 13.41 12.57 11.91 11.42 11.13 11.10 11.45 12.47 11.87 9.80 6.07 2.92 0.00 
20.00 18.11 16.33 14.76 13.42 12.31 11.43 10.74 10.25 9.97 9.92 10.21 11.08 10.53 8.70 5.41 2.61 0.00 
20.00 17.65 15.50 13.68 12.18 11.00 10.08 9.38 8.88 8.56 8.40 8.38 8.35 7.70 6.31 4.25 2.12 0.00 
20.00 16.99 14.36 12.26 10.64 9.41 8.50 7.82 7.33 6.99 6.75 6.55 6.25 5.62 4.58 3.17 1.61 0.00 
20.00 15.93 12.70 10.36 8.70 7.52 6.68 6.08 5.64 5.32 5.07 4.82 4.48 3.96 3.20 2.23 1.14 0.00 
20.00 14.03 10.16 7.78 6.28 5.29 4.63 4.16 3.83 3.58 3.38 3.17 2.90 2.54 2.04 1.42 0.73 0.00 
20.00 10.04 6.13 4.31 3.33 2.75 2.37 2.12 1.94 1.80 1.69 1.57 1.43 1.24 0.99 0.69 0.36 0.00 
20.00 20.00 20.00 20.00 20.00 20.00 20.00 20.00 20.00 20.00 20.00 20.00 20.00 20.00 20.00 20.00 20.00 0.00 
