Jacobi method 
N: 32
Iterations: 7260
Distance: 0.000000000000000000
20.00 20.00 20.00 20.00 20.00 20.00 20.00 20.00 20.00 20.00 20.00 20.00 20.00 20.00 20.00 20.00 20.00 20.00 20.00 20.00 20.00 20.00 20.00 20.00 20.00 20.00 20.00 20.00 20.00 20.00 20.00 20.00 20.00 20.00 
20.00 19.97 19.94 19.90 19.87 19.84 19.81 19.78 19.75 19.71 19.68 19.65 19.61 19.58 19.54 19.50 19.45 19.40 19.35 19.28 19.21 19.12 19.02 18.89 18.74 18.56 18.31 18.00 17.56 16.91 15.88 14.00 10.02 0.00 
20.00 19.94 19.87 19.81 19.75 19.68 19.62 19.56 19.49 19.43 19.36 19.30 19.23 19.16 19.08 19.00 18.91 18.81 18.70 18.57 18.43 18.26 18.06 17.82 17.52 17.16 16.71 16.12 15.32 14.22 12.59 10.09 6.09 0.00 
20.00 19.90 19.81 19.71 19.62 19.52 19.43 19.33 19.24 19.14 19.05 18.95 18.85 18.74 18.63 18.51 18.38 18.23 18.07 17.88 17.67 17.42 17.13 16.79 16.37 15.86 15.23 14.44 13.41 12.04 10.19 7.67 4.25 0.00 
20.00 19.87 19.74 19.62 19.49 19.36 19.24 19.11 18.99 18.86 18.73 18.60 18.47 18.33 18.18 18.03 17.86 17.67 17.46 17.22 16.95 16.64 16.27 15.83 15.31 14.69 13.93 12.99 11.82 10.35 8.48 6.13 3.26 0.00 
20.00 19.84 19.68 19.52 19.36 19.20 19.05 18.89 18.73 18.58 18.42 18.26 18.10 17.93 17.75 17.56 17.35 17.13 16.88 16.59 16.27 15.90 15.47 14.96 14.36 13.65 12.80 11.78 10.54 9.04 7.24 5.11 2.66 0.00 
20.00 19.81 19.61 19.42 19.23 19.04 18.86 18.67 18.48 18.30 18.11 17.92 17.73 17.53 17.33 17.11 16.87 16.61 16.33 16.01 15.64 15.22 14.74 14.18 13.52 12.75 11.84 10.77 9.52 8.05 6.34 4.41 2.26 0.00 
20.00 19.77 19.55 19.32 19.10 18.88 18.66 18.45 18.23 18.02 17.80 17.59 17.37 17.15 16.92 16.67 16.41 16.13 15.81 15.46 15.07 14.62 14.09 13.49 12.79 11.98 11.04 9.96 8.71 7.29 5.68 3.90 1.99 0.00 
20.00 19.74 19.48 19.23 18.97 18.72 18.47 18.22 17.98 17.74 17.50 17.26 17.02 16.77 16.52 16.25 15.97 15.67 15.34 14.97 14.55 14.07 13.53 12.90 12.18 11.35 10.39 9.31 8.08 6.70 5.19 3.54 1.80 0.00 
20.00 19.71 19.41 19.12 18.84 18.55 18.27 18.00 17.72 17.46 17.19 16.93 16.67 16.40 16.13 15.85 15.55 15.24 14.90 14.51 14.09 13.60 13.05 12.41 11.67 10.83 9.88 8.80 7.59 6.26 4.82 3.28 1.66 0.00 
20.00 19.67 19.34 19.02 18.70 18.38 18.07 17.76 17.47 17.17 16.88 16.60 16.32 16.04 15.75 15.46 15.16 14.84 14.49 14.11 13.69 13.20 12.65 12.01 11.28 10.44 9.48 8.41 7.23 5.94 4.55 3.08 1.56 0.00 
20.00 19.63 19.27 18.91 18.55 18.20 17.86 17.53 17.20 16.88 16.57 16.27 15.97 15.68 15.38 15.09 14.78 14.46 14.12 13.75 13.34 12.87 12.33 11.71 10.98 10.15 9.21 8.15 6.98 5.71 4.36 2.95 1.49 0.00 
20.00 19.60 19.19 18.80 18.40 18.02 17.65 17.28 16.93 16.58 16.25 15.93 15.62 15.32 15.02 14.72 14.42 14.11 13.79 13.44 13.05 12.61 12.10 11.50 10.80 9.98 9.04 7.99 6.82 5.57 4.24 2.86 1.44 0.00 
20.00 19.56 19.11 18.68 18.25 17.83 17.42 17.02 16.64 16.28 15.92 15.59 15.26 14.95 14.65 14.35 14.06 13.77 13.47 13.16 12.81 12.42 11.96 11.40 10.73 9.93 8.99 7.93 6.76 5.50 4.18 2.81 1.41 0.00 
20.00 19.51 19.03 18.55 18.08 17.62 17.18 16.75 16.34 15.95 15.58 15.23 14.89 14.57 14.27 13.98 13.71 13.44 13.17 12.91 12.62 12.30 11.92 11.42 10.79 10.01 9.07 7.99 6.78 5.50 4.16 2.79 1.40 0.00 
20.00 19.47 18.93 18.41 17.90 17.40 16.92 16.47 16.03 15.61 15.22 14.85 14.50 14.18 13.88 13.60 13.34 13.10 12.88 12.67 12.47 12.25 11.98 11.58 11.00 10.24 9.29 8.16 6.89 5.55 4.18 2.79 1.40 0.00 
20.00 19.41 18.83 18.26 17.71 17.17 16.65 16.16 15.69 15.25 14.83 14.45 14.09 13.76 13.47 13.20 12.96 12.75 12.58 12.44 12.33 12.26 12.17 11.90 11.40 10.66 9.69 8.48 7.07 5.63 4.21 2.80 1.40 0.00 
20.00 19.36 18.72 18.10 17.49 16.91 16.35 15.82 15.32 14.86 14.42 14.02 13.65 13.32 13.02 12.76 12.54 12.36 12.23 12.16 12.17 12.28 12.55 12.45 12.04 11.33 10.32 8.99 7.27 5.71 4.22 2.79 1.39 0.00 
20.00 19.30 18.60 17.92 17.26 16.63 16.02 15.46 14.92 14.43 13.97 13.56 13.18 12.84 12.55 12.29 12.08 11.93 11.83 11.81 11.90 12.13 12.57 12.58 12.24 11.56 10.54 9.15 7.33 5.70 4.19 2.76 1.37 0.00 
20.00 19.23 18.46 17.72 17.00 16.31 15.66 15.05 14.49 13.97 13.49 13.06 12.67 12.32 12.02 11.77 11.57 11.43 11.35 11.36 11.49 11.77 12.27 12.34 12.04 11.39 10.39 9.01 7.19 5.57 4.08 2.68 1.33 0.00 
20.00 19.15 18.31 17.49 16.71 15.96 15.26 14.61 14.01 13.46 12.96 12.51 12.11 11.76 11.46 11.20 11.00 10.86 10.79 10.80 10.92 11.19 11.67 11.74 11.45 10.84 9.89 8.58 6.84 5.30 3.89 2.56 1.27 0.00 
20.00 19.06 18.13 17.23 16.37 15.56 14.81 14.11 13.48 12.90 12.38 11.91 11.50 11.14 10.84 10.58 10.38 10.23 10.14 10.13 10.20 10.39 10.75 10.76 10.46 9.88 9.02 7.84 6.30 4.91 3.62 2.38 1.18 0.00 
20.00 18.95 17.92 16.93 15.99 15.11 14.30 13.56 12.89 12.28 11.74 11.26 10.84 10.48 10.17 9.90 9.69 9.53 9.42 9.37 9.36 9.41 9.46 9.34 9.02 8.48 7.72 6.75 5.59 4.43 3.29 2.18 1.08 0.00 
20.00 18.83 17.68 16.58 15.55 14.60 13.72 12.94 12.23 11.60 11.05 10.56 10.13 9.76 9.45 9.18 8.96 8.78 8.65 8.55 8.48 8.42 8.33 8.14 7.80 7.30 6.64 5.82 4.90 3.92 2.94 1.95 0.98 0.00 
20.00 18.68 17.39 16.17 15.03 13.99 13.06 12.23 11.49 10.85 10.28 9.79 9.36 8.99 8.68 8.41 8.18 8.00 7.84 7.71 7.59 7.47 7.31 7.07 6.73 6.28 5.70 5.02 4.25 3.43 2.58 1.72 0.86 0.00 
20.00 18.49 17.03 15.66 14.41 13.29 12.30 11.43 10.67 10.01 9.44 8.95 8.53 8.17 7.86 7.59 7.37 7.17 7.01 6.86 6.71 6.55 6.36 6.11 5.79 5.38 4.88 4.30 3.65 2.96 2.24 1.50 0.75 0.00 
20.00 18.25 16.58 15.04 13.66 12.46 11.41 10.51 9.74 9.09 8.53 8.05 7.64 7.29 6.99 6.74 6.52 6.33 6.16 6.00 5.84 5.67 5.47 5.23 4.93 4.56 4.13 3.64 3.10 2.52 1.91 1.28 0.64 0.00 
20.00 17.94 16.00 14.26 12.75 11.46 10.38 9.47 8.71 8.07 7.53 7.08 6.69 6.37 6.09 5.85 5.64 5.46 5.30 5.14 4.98 4.81 4.62 4.40 4.13 3.82 3.45 3.04 2.59 2.11 1.60 1.07 0.54 0.00 
20.00 17.51 15.22 13.25 11.61 10.26 9.17 8.27 7.55 6.94 6.45 6.03 5.69 5.39 5.14 4.93 4.74 4.58 4.43 4.28 4.14 3.98 3.81 3.61 3.38 3.12 2.82 2.48 2.11 1.72 1.31 0.88 0.44 0.00 
20.00 16.87 14.13 11.91 10.17 8.81 7.75 6.92 6.26 5.72 5.28 4.92 4.62 4.37 4.16 3.98 3.82 3.68 3.55 3.42 3.30 3.17 3.02 2.86 2.67 2.46 2.22 1.95 1.66 1.35 1.03 0.69 0.35 0.00 
20.00 15.84 12.53 10.09 8.34 7.06 6.11 5.40 4.84 4.40 4.04 3.75 3.52 3.32 3.15 3.01 2.88 2.77 2.67 2.57 2.47 2.36 2.25 2.12 1.98 1.82 1.64 1.44 1.23 1.00 0.76 0.51 0.26 0.00 
20.00 13.97 10.04 7.60 6.03 4.98 4.25 3.71 3.30 2.99 2.74 2.53 2.37 2.23 2.11 2.01 1.93 1.85 1.78 1.71 1.64 1.57 1.49 1.41 1.31 1.20 1.08 0.95 0.81 0.66 0.50 0.34 0.17 0.00 
20.00 10.01 6.07 4.22 3.21 2.60 2.18 1.89 1.68 1.51 1.38 1.28 1.19 1.12 1.06 1.01 0.97 0.93 0.89 0.86 0.82 0.78 0.74 0.70 0.65 0.60 0.54 0.47 0.40 0.33 0.25 0.17 0.08 0.00 
20.00 20.00 20.00 20.00 20.00 20.00 20.00 20.00 20.00 20.00 20.00 20.00 20.00 20.00 20.00 20.00 20.00 20.00 20.00 20.00 20.00 20.00 20.00 20.00 20.00 20.00 20.00 20.00 20.00 20.00 20.00 20.00 20.00 0.00 
