Jacobi method 
N: 8
Iterations: 568
Distance: 0.000000000000000000
20.00 20.00 20.00 20.00 20.00 20.00 20.00 20.00 20.00 20.00 
20.00 19.53 19.06 18.58 18.05 17.37 16.30 14.35 10.22 0.00 
20.00 19.05 18.13 17.22 16.27 15.11 13.48 10.87 6.55 0.00 
20.00 18.56 17.19 15.91 14.67 13.34 11.65 9.11 5.10 0.00 
20.00 17.99 16.15 14.55 13.18 11.93 10.64 8.84 4.73 0.00 
20.00 17.24 14.86 12.97 11.55 10.57 10.15 10.87 4.98 0.00 
20.00 16.12 13.08 10.93 9.49 8.65 8.51 9.65 4.32 0.00 
20.00 14.16 10.42 8.17 6.83 6.04 5.57 5.03 2.64 0.00 
20.00 10.10 6.26 4.51 3.61 3.09 2.73 2.24 1.22 0.00 
20.00 20.00 20.00 20.00 20.00 20.00 20.00 20.00 20.00 0.00 
