Jacobi
N: 64
Iterations: 1000
Distance: 0.017991787067423583
20.00 20.00 20.00 20.00 20.00 20.00 20.00 20.00 20.00 20.00 20.00 20.00 20.00 20.00 20.00 20.00 20.00 20.00 20.00 20.00 20.00 20.00 20.00 20.00 20.00 20.00 20.00 20.00 20.00 20.00 20.00 20.00 20.00 20.00 20.00 20.00 20.00 20.00 20.00 20.00 20.00 20.00 20.00 20.00 20.00 20.00 20.00 20.00 20.00 20.00 20.00 20.00 20.00 20.00 20.00 20.00 20.00 20.00 20.00 20.00 20.00 20.00 20.00 20.00 20.00 20.00 
20.00 19.99 19.98 19.96 19.95 19.94 19.93 19.91 19.90 19.89 19.88 19.87 19.86 19.85 19.83 19.82 19.81 19.80 19.79 19.78 19.77 19.76 19.75 19.74 19.73 19.72 19.72 19.71 19.70 19.69 19.68 19.66 19.65 19.64 19.63 19.62 19.60 19.59 19.57 19.55 19.54 19.51 19.49 19.47 19.44 19.41 19.38 19.34 19.30 19.25 19.20 19.13 19.06 18.98 18.88 18.76 18.62 18.44 18.21 17.90 17.48 16.85 15.82 13.96 10.00 0.00 
20.00 19.98 19.95 19.93 19.90 19.88 19.85 19.83 19.80 19.78 19.76 19.74 19.71 19.69 19.67 19.65 19.63 19.61 19.59 19.57 19.55 19.53 19.51 19.49 19.47 19.45 19.43 19.41 19.39 19.37 19.35 19.33 19.31 19.28 19.26 19.23 19.21 19.18 19.15 19.11 19.07 19.03 18.99 18.94 18.88 18.82 18.76 18.68 18.60 18.51 18.40 18.28 18.14 17.97 17.78 17.55 17.27 16.93 16.49 15.92 15.16 14.08 12.49 10.02 6.05 0.00 
20.00 19.96 19.93 19.89 19.85 19.82 19.78 19.74 19.71 19.67 19.64 19.60 19.57 19.54 19.51 19.47 19.44 19.41 19.38 19.35 19.32 19.29 19.26 19.24 19.21 19.18 19.15 19.12 19.09 19.06 19.03 19.00 18.97 18.93 18.89 18.86 18.81 18.77 18.72 18.67 18.62 18.55 18.49 18.42 18.34 18.25 18.15 18.04 17.91 17.78 17.62 17.44 17.23 16.99 16.72 16.39 15.99 15.51 14.91 14.14 13.15 11.83 10.04 7.56 4.20 0.00 
20.00 19.95 19.90 19.85 19.80 19.75 19.71 19.66 19.61 19.57 19.52 19.47 19.43 19.39 19.34 19.30 19.26 19.22 19.18 19.14 19.10 19.06 19.02 18.98 18.95 18.91 18.87 18.83 18.79 18.75 18.71 18.67 18.63 18.58 18.53 18.48 18.43 18.37 18.31 18.24 18.17 18.09 18.00 17.90 17.80 17.68 17.55 17.41 17.25 17.06 16.86 16.63 16.36 16.06 15.70 15.29 14.80 14.20 13.48 12.59 11.48 10.06 8.26 5.98 3.19 0.00 
20.00 19.94 19.88 19.82 19.76 19.69 19.64 19.58 19.52 19.46 19.40 19.35 19.29 19.24 19.18 19.13 19.08 19.03 18.98 18.93 18.88 18.83 18.78 18.74 18.69 18.64 18.60 18.55 18.50 18.45 18.40 18.35 18.29 18.24 18.18 18.11 18.05 17.97 17.90 17.81 17.72 17.63 17.52 17.40 17.27 17.13 16.97 16.79 16.60 16.38 16.13 15.85 15.54 15.17 14.76 14.27 13.70 13.03 12.23 11.27 10.10 8.68 6.97 4.92 2.56 0.00 
20.00 19.93 19.85 19.78 19.71 19.64 19.56 19.49 19.42 19.35 19.29 19.22 19.15 19.09 19.02 18.96 18.90 18.84 18.78 18.72 18.66 18.60 18.55 18.49 18.44 18.38 18.32 18.27 18.21 18.15 18.09 18.03 17.97 17.90 17.83 17.75 17.67 17.59 17.50 17.40 17.29 17.18 17.05 16.91 16.76 16.59 16.41 16.20 15.98 15.72 15.44 15.12 14.76 14.35 13.88 13.34 12.71 11.99 11.14 10.15 8.97 7.60 6.00 4.17 2.15 0.00 
20.00 19.91 19.83 19.75 19.66 19.58 19.49 19.41 19.33 19.25 19.17 19.09 19.02 18.94 18.87 18.79 18.72 18.65 18.58 18.52 18.45 18.38 18.32 18.25 18.19 18.12 18.06 17.99 17.93 17.86 17.79 17.72 17.65 17.57 17.49 17.40 17.31 17.21 17.11 17.00 16.88 16.74 16.60 16.44 16.27 16.08 15.87 15.64 15.38 15.10 14.78 14.43 14.03 13.58 13.07 12.49 11.83 11.07 10.20 9.20 8.05 6.74 5.26 3.62 1.85 0.00 
20.00 19.90 19.81 19.71 19.62 19.52 19.43 19.33 19.24 19.15 19.06 18.97 18.88 18.80 18.71 18.63 18.55 18.47 18.39 18.32 18.24 18.17 18.09 18.02 17.95 17.87 17.80 17.73 17.65 17.58 17.50 17.42 17.34 17.25 17.16 17.06 16.96 16.85 16.73 16.61 16.47 16.33 16.16 15.99 15.80 15.59 15.36 15.10 14.82 14.51 14.16 13.78 13.35 12.87 12.33 11.72 11.04 10.27 9.39 8.40 7.30 6.06 4.69 3.20 1.63 0.00 
20.00 19.89 19.78 19.68 19.57 19.46 19.36 19.26 19.15 19.05 18.95 18.85 18.75 18.66 18.57 18.47 18.38 18.29 18.21 18.12 18.04 17.95 17.87 17.79 17.71 17.63 17.55 17.47 17.38 17.30 17.21 17.13 17.03 16.94 16.84 16.73 16.62 16.50 16.37 16.24 16.09 15.93 15.75 15.56 15.35 15.12 14.87 14.60 14.29 13.96 13.59 13.18 12.73 12.22 11.66 11.04 10.34 9.56 8.70 7.73 6.67 5.50 4.23 2.88 1.46 0.00 
20.00 19.88 19.76 19.64 19.53 19.41 19.29 19.18 19.07 18.95 18.84 18.74 18.63 18.52 18.42 18.32 18.22 18.12 18.03 17.93 17.84 17.75 17.66 17.57 17.48 17.39 17.30 17.21 17.13 17.03 16.94 16.84 16.74 16.64 16.53 16.42 16.30 16.17 16.03 15.88 15.72 15.54 15.36 15.15 14.93 14.68 14.41 14.12 13.80 13.45 13.06 12.63 12.16 11.64 11.06 10.43 9.72 8.95 8.10 7.16 6.15 5.04 3.86 2.62 1.32 0.00 
20.00 19.87 19.74 19.61 19.48 19.36 19.23 19.11 18.98 18.86 18.74 18.62 18.51 18.39 18.28 18.17 18.06 17.95 17.85 17.75 17.65 17.55 17.45 17.35 17.26 17.16 17.07 16.97 16.88 16.78 16.68 16.57 16.47 16.35 16.24 16.12 15.99 15.85 15.70 15.54 15.37 15.18 14.98 14.77 14.53 14.27 13.99 13.68 13.34 12.97 12.57 12.13 11.64 11.11 10.52 9.88 9.18 8.42 7.58 6.68 5.71 4.66 3.56 2.41 1.21 0.00 
20.00 19.86 19.72 19.58 19.44 19.31 19.17 19.04 18.90 18.77 18.64 18.51 18.39 18.26 18.14 18.02 17.91 17.79 17.68 17.57 17.46 17.36 17.25 17.15 17.05 16.94 16.84 16.74 16.64 16.53 16.42 16.31 16.20 16.08 15.96 15.83 15.69 15.54 15.39 15.22 15.04 14.85 14.63 14.41 14.16 13.89 13.59 13.27 12.92 12.54 12.12 11.67 11.17 10.63 10.04 9.40 8.71 7.96 7.14 6.27 5.34 4.35 3.31 2.23 1.12 0.00 
20.00 19.85 19.70 19.55 19.40 19.26 19.11 18.97 18.82 18.68 18.54 18.41 18.27 18.14 18.01 17.88 17.76 17.64 17.52 17.40 17.29 17.17 17.06 16.95 16.84 16.73 16.62 16.52 16.41 16.30 16.18 16.07 15.95 15.82 15.69 15.56 15.41 15.26 15.10 14.92 14.73 14.53 14.31 14.07 13.81 13.53 13.23 12.90 12.54 12.15 11.72 11.26 10.75 10.21 9.62 8.98 8.29 7.55 6.76 5.92 5.03 4.08 3.10 2.09 1.05 0.00 
20.00 19.84 19.68 19.52 19.37 19.21 19.05 18.90 18.75 18.60 18.45 18.31 18.16 18.02 17.89 17.75 17.62 17.49 17.36 17.24 17.12 17.00 16.88 16.76 16.65 16.53 16.42 16.30 16.19 16.07 15.96 15.83 15.71 15.58 15.44 15.30 15.15 14.99 14.82 14.64 14.45 14.24 14.01 13.77 13.50 13.21 12.90 12.56 12.19 11.79 11.36 10.89 10.38 9.83 9.25 8.61 7.93 7.21 6.44 5.62 4.76 3.86 2.93 1.97 0.99 0.00 
20.00 19.83 19.66 19.50 19.33 19.16 19.00 18.84 18.68 18.52 18.36 18.21 18.06 17.91 17.77 17.62 17.48 17.35 17.21 17.08 16.95 16.83 16.70 16.58 16.46 16.34 16.22 16.10 15.98 15.86 15.74 15.61 15.49 15.35 15.21 15.07 14.91 14.75 14.57 14.39 14.19 13.97 13.74 13.49 13.21 12.92 12.60 12.25 11.88 11.47 11.03 10.56 10.05 9.51 8.92 8.29 7.62 6.91 6.16 5.37 4.54 3.68 2.78 1.87 0.94 0.00 
20.00 19.82 19.65 19.47 19.29 19.12 18.95 18.78 18.61 18.44 18.28 18.12 17.96 17.80 17.65 17.50 17.36 17.21 17.07 16.94 16.80 16.67 16.54 16.41 16.29 16.16 16.04 15.92 15.79 15.67 15.54 15.41 15.28 15.14 15.00 14.85 14.69 14.52 14.34 14.15 13.95 13.73 13.49 13.23 12.96 12.66 12.33 11.98 11.60 11.19 10.75 10.28 9.77 9.22 8.64 8.02 7.36 6.66 5.92 5.15 4.35 3.52 2.66 1.79 0.90 0.00 
20.00 19.81 19.63 19.44 19.26 19.08 18.90 18.72 18.54 18.37 18.20 18.03 17.86 17.70 17.54 17.39 17.23 17.08 16.94 16.80 16.66 16.52 16.39 16.25 16.12 15.99 15.87 15.74 15.61 15.48 15.35 15.22 15.08 14.94 14.80 14.65 14.49 14.32 14.13 13.94 13.73 13.51 13.27 13.01 12.73 12.43 12.10 11.75 11.36 10.95 10.51 10.03 9.52 8.98 8.40 7.78 7.13 6.44 5.72 4.97 4.19 3.39 2.56 1.72 0.86 0.00 
20.00 19.81 19.61 19.42 19.23 19.04 18.85 18.67 18.48 18.30 18.12 17.95 17.77 17.61 17.44 17.28 17.12 16.96 16.81 16.67 16.52 16.38 16.24 16.10 15.97 15.84 15.71 15.57 15.44 15.31 15.18 15.05 14.91 14.77 14.62 14.46 14.30 14.13 13.95 13.75 13.55 13.32 13.08 12.82 12.54 12.23 11.90 11.55 11.16 10.75 10.30 9.83 9.32 8.77 8.20 7.59 6.94 6.27 5.56 4.83 4.06 3.28 2.48 1.66 0.83 0.00 
20.00 19.80 19.60 19.40 19.20 19.00 18.81 18.62 18.42 18.24 18.05 17.87 17.69 17.52 17.34 17.18 17.01 16.85 16.70 16.54 16.39 16.25 16.11 15.96 15.83 15.69 15.56 15.42 15.29 15.16 15.02 14.89 14.75 14.60 14.46 14.30 14.14 13.97 13.79 13.59 13.38 13.16 12.92 12.66 12.37 12.07 11.74 11.38 11.00 10.58 10.13 9.66 9.15 8.61 8.03 7.43 6.79 6.12 5.43 4.71 3.96 3.19 2.41 1.62 0.81 0.00 
20.00 19.79 19.59 19.38 19.17 18.97 18.77 18.57 18.37 18.18 17.99 17.80 17.61 17.43 17.26 17.08 16.91 16.75 16.59 16.43 16.28 16.13 15.98 15.84 15.70 15.56 15.42 15.29 15.15 15.02 14.88 14.74 14.60 14.46 14.31 14.16 14.00 13.83 13.65 13.45 13.25 13.02 12.78 12.52 12.24 11.94 11.61 11.25 10.86 10.45 10.00 9.53 9.02 8.48 7.91 7.30 6.67 6.01 5.32 4.61 3.88 3.13 2.36 1.58 0.79 0.00 
20.00 19.79 19.57 19.36 19.15 18.94 18.73 18.52 18.32 18.12 17.92 17.73 17.54 17.36 17.17 17.00 16.82 16.65 16.49 16.33 16.17 16.02 15.87 15.72 15.58 15.44 15.30 15.16 15.03 14.89 14.75 14.62 14.48 14.34 14.19 14.04 13.88 13.71 13.53 13.34 13.14 12.92 12.68 12.42 12.14 11.84 11.51 11.16 10.77 10.36 9.91 9.43 8.93 8.39 7.81 7.21 6.58 5.93 5.25 4.54 3.82 3.07 2.32 1.55 0.78 0.00 
20.00 19.78 19.56 19.34 19.13 18.91 18.70 18.48 18.28 18.07 17.87 17.67 17.48 17.28 17.10 16.92 16.74 16.57 16.40 16.23 16.07 15.92 15.76 15.61 15.47 15.33 15.19 15.05 14.91 14.78 14.64 14.51 14.37 14.23 14.08 13.93 13.78 13.61 13.44 13.25 13.05 12.84 12.60 12.35 12.08 11.78 11.45 11.10 10.71 10.30 9.86 9.38 8.87 8.33 7.76 7.16 6.53 5.87 5.19 4.49 3.77 3.04 2.29 1.53 0.77 0.00 
20.00 19.77 19.55 19.33 19.10 18.88 18.66 18.45 18.23 18.02 17.82 17.61 17.42 17.22 17.03 16.84 16.66 16.49 16.31 16.15 15.98 15.83 15.67 15.52 15.37 15.23 15.09 14.95 14.82 14.68 14.55 14.41 14.27 14.14 13.99 13.85 13.70 13.54 13.37 13.19 12.99 12.78 12.56 12.31 12.04 11.75 11.43 11.08 10.70 10.28 9.84 9.36 8.85 8.31 7.73 7.13 6.50 5.85 5.17 4.47 3.75 3.02 2.27 1.52 0.76 0.00 
20.00 19.77 19.54 19.31 19.09 18.86 18.64 18.42 18.20 17.98 17.77 17.56 17.36 17.16 16.97 16.78 16.60 16.42 16.24 16.07 15.91 15.74 15.59 15.44 15.29 15.15 15.00 14.87 14.73 14.60 14.46 14.33 14.20 14.06 13.93 13.78 13.64 13.48 13.32 13.15 12.96 12.76 12.54 12.31 12.04 11.76 11.44 11.10 10.72 10.31 9.86 9.38 8.87 8.32 7.75 7.14 6.50 5.84 5.16 4.46 3.74 3.01 2.27 1.52 0.76 0.00 
20.00 19.77 19.53 19.30 19.07 18.84 18.61 18.39 18.16 17.95 17.73 17.52 17.31 17.11 16.92 16.72 16.54 16.35 16.18 16.00 15.84 15.68 15.52 15.37 15.22 15.07 14.93 14.79 14.66 14.53 14.40 14.27 14.14 14.01 13.87 13.74 13.60 13.45 13.30 13.13 12.96 12.77 12.56 12.33 12.08 11.80 11.49 11.15 10.78 10.37 9.93 9.44 8.93 8.38 7.79 7.18 6.54 5.87 5.18 4.47 3.75 3.02 2.27 1.52 0.76 0.00 
20.00 19.76 19.52 19.29 19.05 18.82 18.59 18.36 18.14 17.91 17.70 17.48 17.27 17.07 16.87 16.67 16.48 16.30 16.12 15.95 15.78 15.62 15.46 15.30 15.16 15.01 14.87 14.74 14.60 14.47 14.34 14.22 14.09 13.97 13.84 13.71 13.58 13.44 13.30 13.14 12.98 12.80 12.61 12.39 12.15 11.89 11.59 11.26 10.89 10.48 10.03 9.55 9.02 8.47 7.87 7.25 6.60 5.92 5.22 4.51 3.78 3.04 2.28 1.53 0.76 0.00 
20.00 19.76 19.52 19.28 19.04 18.80 18.57 18.34 18.11 17.89 17.67 17.45 17.24 17.03 16.83 16.63 16.44 16.26 16.07 15.90 15.73 15.57 15.41 15.25 15.11 14.96 14.82 14.69 14.56 14.43 14.31 14.18 14.06 13.94 13.82 13.70 13.58 13.45 13.32 13.18 13.03 12.87 12.69 12.49 12.27 12.01 11.73 11.40 11.04 10.63 10.19 9.70 9.17 8.60 7.99 7.35 6.68 5.99 5.28 4.56 3.82 3.06 2.31 1.54 0.77 0.00 
20.00 19.76 19.51 19.27 19.03 18.79 18.56 18.32 18.09 17.87 17.64 17.42 17.21 17.00 16.80 16.60 16.41 16.22 16.04 15.86 15.69 15.53 15.37 15.22 15.07 14.93 14.79 14.66 14.53 14.40 14.28 14.16 14.05 13.93 13.82 13.71 13.59 13.48 13.36 13.23 13.10 12.96 12.80 12.62 12.42 12.18 11.91 11.60 11.24 10.84 10.39 9.89 9.35 8.77 8.14 7.49 6.80 6.09 5.36 4.62 3.87 3.10 2.33 1.56 0.78 0.00 
20.00 19.75 19.51 19.27 19.02 18.78 18.54 18.31 18.08 17.85 17.62 17.40 17.19 16.98 16.77 16.57 16.38 16.19 16.01 15.83 15.66 15.50 15.34 15.19 15.04 14.90 14.76 14.63 14.51 14.39 14.27 14.16 14.05 13.94 13.83 13.73 13.63 13.52 13.42 13.31 13.20 13.08 12.94 12.79 12.61 12.40 12.14 11.85 11.50 11.10 10.64 10.14 9.59 8.98 8.34 7.66 6.95 6.21 5.46 4.70 3.93 3.15 2.37 1.58 0.79 0.00 
20.00 19.75 19.51 19.26 19.02 18.77 18.54 18.30 18.06 17.84 17.61 17.39 17.17 16.96 16.76 16.56 16.36 16.17 15.99 15.81 15.64 15.48 15.32 15.17 15.02 14.89 14.75 14.62 14.50 14.38 14.27 14.16 14.06 13.96 13.86 13.77 13.68 13.59 13.50 13.41 13.32 13.22 13.11 12.99 12.85 12.66 12.43 12.15 11.81 11.42 10.96 10.45 9.87 9.25 8.57 7.86 7.12 6.35 5.58 4.79 4.00 3.21 2.41 1.61 0.80 0.00 
20.00 19.75 19.50 19.26 19.01 18.77 18.53 18.29 18.06 17.83 17.60 17.38 17.16 16.95 16.75 16.54 16.35 16.16 15.98 15.80 15.63 15.47 15.31 15.16 15.02 14.88 14.75 14.62 14.50 14.39 14.28 14.18 14.08 13.99 13.90 13.81 13.74 13.66 13.59 13.52 13.45 13.39 13.31 13.23 13.13 12.99 12.79 12.52 12.20 11.80 11.34 10.82 10.22 9.57 8.85 8.09 7.31 6.51 5.71 4.90 4.08 3.27 2.45 1.64 0.82 0.00 
20.00 19.75 19.50 19.26 19.01 18.77 18.53 18.29 18.06 17.82 17.60 17.38 17.16 16.95 16.74 16.54 16.35 16.16 15.98 15.80 15.63 15.47 15.32 15.17 15.02 14.89 14.76 14.64 14.52 14.41 14.30 14.21 14.11 14.03 13.95 13.87 13.81 13.75 13.69 13.64 13.60 13.57 13.54 13.51 13.47 13.37 13.21 12.97 12.66 12.27 11.80 11.26 10.64 9.95 9.19 8.36 7.52 6.68 5.84 5.00 4.17 3.33 2.50 1.66 0.83 0.00 
20.00 19.75 19.50 19.26 19.01 18.77 18.53 18.29 18.06 17.83 17.60 17.38 17.16 16.95 16.75 16.55 16.35 16.17 15.98 15.81 15.64 15.48 15.33 15.18 15.04 14.91 14.78 14.66 14.54 14.44 14.34 14.24 14.16 14.08 14.01 13.94 13.89 13.84 13.80 13.77 13.76 13.75 13.77 13.80 13.88 13.84 13.71 13.50 13.20 12.81 12.34 11.79 11.14 10.41 9.58 8.65 7.74 6.85 5.98 5.11 4.25 3.40 2.54 1.69 0.85 0.00 
20.00 19.75 19.51 19.26 19.02 18.77 18.53 18.30 18.06 17.83 17.61 17.39 17.17 16.96 16.76 16.56 16.37 16.18 16.00 15.83 15.66 15.50 15.35 15.20 15.06 14.93 14.81 14.69 14.58 14.48 14.38 14.29 14.21 14.14 14.07 14.02 13.97 13.94 13.91 13.90 13.91 13.94 13.99 14.08 14.21 14.22 14.13 13.93 13.64 13.26 12.79 12.22 11.55 10.78 9.91 8.91 7.95 7.02 6.11 5.22 4.33 3.46 2.59 1.72 0.86 0.00 
20.00 19.75 19.51 19.26 19.02 18.78 18.54 18.31 18.07 17.85 17.62 17.40 17.19 16.98 16.78 16.58 16.39 16.20 16.02 15.85 15.69 15.53 15.38 15.24 15.10 14.97 14.85 14.73 14.62 14.52 14.43 14.35 14.27 14.20 14.14 14.10 14.06 14.03 14.03 14.03 14.06 14.11 14.19 14.31 14.48 14.53 14.46 14.28 14.00 13.62 13.14 12.56 11.88 11.08 10.17 9.13 8.13 7.17 6.23 5.32 4.41 3.52 2.63 1.75 0.88 0.00 
20.00 19.76 19.51 19.27 19.03 18.79 18.55 18.32 18.09 17.86 17.64 17.42 17.21 17.00 16.80 16.61 16.42 16.23 16.06 15.89 15.72 15.57 15.42 15.28 15.14 15.02 14.90 14.78 14.68 14.58 14.49 14.41 14.34 14.28 14.22 14.18 14.15 14.13 14.13 14.15 14.20 14.26 14.37 14.51 14.71 14.77 14.72 14.56 14.28 13.90 13.42 12.83 12.13 11.31 10.38 9.31 8.28 7.30 6.34 5.40 4.48 3.57 2.67 1.78 0.89 0.00 
20.00 19.76 19.52 19.28 19.04 18.80 18.57 18.34 18.11 17.88 17.66 17.45 17.24 17.03 16.83 16.64 16.45 16.27 16.10 15.93 15.77 15.62 15.47 15.33 15.20 15.07 14.96 14.85 14.74 14.65 14.56 14.48 14.41 14.35 14.30 14.27 14.24 14.23 14.24 14.27 14.32 14.40 14.51 14.67 14.88 14.96 14.92 14.76 14.49 14.11 13.62 13.03 12.32 11.49 10.53 9.45 8.40 7.40 6.43 5.47 4.54 3.62 2.71 1.80 0.90 0.00 
20.00 19.76 19.52 19.29 19.05 18.82 18.58 18.36 18.13 17.91 17.69 17.48 17.27 17.07 16.87 16.68 16.50 16.32 16.15 15.98 15.82 15.67 15.53 15.39 15.26 15.14 15.02 14.91 14.81 14.72 14.64 14.56 14.50 14.44 14.39 14.36 14.33 14.33 14.34 14.37 14.42 14.51 14.63 14.79 15.00 15.09 15.05 14.89 14.62 14.24 13.75 13.15 12.44 11.60 10.64 9.54 8.49 7.48 6.49 5.53 4.59 3.66 2.74 1.82 0.91 0.00 
20.00 19.76 19.53 19.30 19.06 18.83 18.60 18.38 18.16 17.94 17.73 17.52 17.31 17.11 16.92 16.73 16.55 16.37 16.20 16.04 15.89 15.74 15.60 15.46 15.33 15.21 15.10 14.99 14.90 14.80 14.72 14.65 14.58 14.53 14.48 14.45 14.42 14.42 14.43 14.46 14.51 14.59 14.71 14.87 15.08 15.16 15.12 14.96 14.68 14.30 13.81 13.21 12.49 11.66 10.70 9.60 8.55 7.53 6.54 5.58 4.63 3.69 2.76 1.84 0.92 0.00 
20.00 19.77 19.54 19.31 19.08 18.85 18.63 18.41 18.19 17.97 17.76 17.56 17.36 17.16 16.97 16.79 16.61 16.44 16.27 16.11 15.96 15.81 15.67 15.54 15.41 15.30 15.18 15.08 14.98 14.90 14.81 14.74 14.68 14.62 14.57 14.54 14.51 14.50 14.51 14.54 14.58 14.65 14.76 14.91 15.11 15.17 15.12 14.95 14.68 14.29 13.80 13.20 12.49 11.66 10.70 9.62 8.57 7.56 6.57 5.61 4.66 3.72 2.78 1.85 0.93 0.00 
20.00 19.77 19.55 19.32 19.10 18.87 18.65 18.44 18.22 18.01 17.81 17.61 17.41 17.22 17.03 16.85 16.68 16.51 16.34 16.19 16.04 15.89 15.76 15.63 15.50 15.39 15.28 15.18 15.08 14.99 14.91 14.84 14.78 14.72 14.67 14.63 14.61 14.59 14.59 14.60 14.64 14.70 14.78 14.91 15.08 15.13 15.06 14.88 14.59 14.21 13.71 13.12 12.42 11.60 10.66 9.59 8.56 7.57 6.59 5.63 4.68 3.74 2.80 1.86 0.93 0.00 
20.00 19.78 19.56 19.34 19.12 18.90 18.68 18.47 18.26 18.06 17.86 17.66 17.47 17.28 17.10 16.92 16.75 16.58 16.42 16.27 16.13 15.98 15.85 15.72 15.60 15.49 15.38 15.28 15.19 15.10 15.02 14.95 14.88 14.82 14.77 14.73 14.70 14.68 14.67 14.67 14.69 14.72 14.78 14.87 15.01 15.02 14.93 14.73 14.43 14.04 13.55 12.96 12.28 11.48 10.57 9.53 8.53 7.56 6.59 5.64 4.69 3.75 2.81 1.87 0.94 0.00 
20.00 19.78 19.57 19.35 19.14 18.93 18.72 18.51 18.31 18.11 17.91 17.72 17.53 17.35 17.17 17.00 16.83 16.67 16.51 16.36 16.22 16.08 15.95 15.83 15.71 15.60 15.49 15.40 15.30 15.22 15.14 15.06 15.00 14.93 14.88 14.83 14.80 14.76 14.74 14.73 14.72 14.73 14.76 14.80 14.88 14.85 14.72 14.50 14.19 13.79 13.31 12.73 12.06 11.29 10.42 9.44 8.48 7.53 6.59 5.65 4.71 3.77 2.83 1.89 0.94 0.00 
20.00 19.79 19.58 19.37 19.16 18.96 18.75 18.55 18.35 18.16 17.97 17.78 17.60 17.42 17.25 17.08 16.92 16.76 16.61 16.46 16.33 16.19 16.06 15.94 15.83 15.72 15.62 15.52 15.43 15.34 15.26 15.19 15.12 15.05 15.00 14.94 14.90 14.86 14.82 14.79 14.76 14.74 14.73 14.71 14.68 14.58 14.42 14.18 13.86 13.45 12.97 12.40 11.75 11.02 10.21 9.33 8.42 7.51 6.59 5.66 4.73 3.79 2.85 1.90 0.95 0.00 
20.00 19.80 19.59 19.39 19.19 18.99 18.79 18.60 18.40 18.22 18.03 17.85 17.67 17.50 17.33 17.17 17.01 16.86 16.71 16.57 16.44 16.31 16.18 16.07 15.95 15.85 15.75 15.65 15.56 15.47 15.39 15.32 15.25 15.18 15.12 15.06 15.01 14.95 14.91 14.86 14.81 14.76 14.71 14.64 14.55 14.41 14.21 13.94 13.61 13.20 12.72 12.16 11.53 10.83 10.06 9.24 8.38 7.50 6.59 5.68 4.75 3.81 2.87 1.92 0.96 0.00 
20.00 19.80 19.61 19.41 19.22 19.02 18.83 18.64 18.46 18.28 18.10 17.92 17.75 17.59 17.42 17.27 17.11 16.97 16.82 16.69 16.56 16.43 16.31 16.20 16.09 15.98 15.88 15.79 15.70 15.62 15.54 15.46 15.39 15.32 15.25 15.19 15.13 15.06 15.00 14.94 14.87 14.80 14.71 14.60 14.47 14.30 14.07 13.79 13.44 13.03 12.55 12.01 11.40 10.72 9.98 9.19 8.37 7.51 6.62 5.71 4.79 3.85 2.90 1.94 0.97 0.00 
20.00 19.81 19.62 19.43 19.25 19.06 18.88 18.70 18.52 18.34 18.17 18.00 17.84 17.68 17.52 17.37 17.22 17.08 16.94 16.81 16.69 16.56 16.45 16.34 16.23 16.13 16.03 15.94 15.85 15.77 15.69 15.61 15.54 15.46 15.39 15.33 15.26 15.19 15.11 15.03 14.95 14.85 14.74 14.61 14.44 14.24 14.00 13.70 13.35 12.93 12.46 11.92 11.33 10.67 9.96 9.19 8.39 7.54 6.67 5.77 4.84 3.90 2.94 1.97 0.98 0.00 
20.00 19.82 19.64 19.46 19.28 19.10 18.92 18.75 18.58 18.41 18.24 18.08 17.93 17.77 17.62 17.48 17.34 17.20 17.07 16.94 16.82 16.70 16.59 16.48 16.38 16.28 16.19 16.10 16.01 15.93 15.85 15.77 15.70 15.62 15.55 15.48 15.40 15.32 15.24 15.15 15.05 14.93 14.80 14.65 14.47 14.25 13.99 13.68 13.32 12.91 12.44 11.91 11.32 10.68 9.98 9.24 8.45 7.62 6.75 5.85 4.92 3.96 2.99 2.00 1.00 0.00 
20.00 19.83 19.65 19.48 19.31 19.14 18.97 18.81 18.64 18.48 18.32 18.17 18.02 17.87 17.73 17.59 17.46 17.33 17.20 17.08 16.96 16.85 16.74 16.64 16.54 16.45 16.36 16.27 16.18 16.10 16.02 15.95 15.87 15.79 15.72 15.64 15.56 15.47 15.38 15.28 15.17 15.04 14.90 14.73 14.53 14.30 14.03 13.72 13.35 12.94 12.48 11.96 11.38 10.75 10.07 9.33 8.55 7.73 6.86 5.96 5.02 4.05 3.06 2.05 1.03 0.00 
20.00 19.84 19.67 19.51 19.34 19.18 19.02 18.87 18.71 18.56 18.41 18.26 18.12 17.98 17.84 17.71 17.58 17.46 17.34 17.22 17.11 17.01 16.90 16.81 16.71 16.62 16.53 16.45 16.36 16.28 16.21 16.13 16.05 15.98 15.90 15.82 15.73 15.64 15.54 15.44 15.32 15.18 15.03 14.85 14.64 14.40 14.13 13.81 13.45 13.04 12.58 12.06 11.50 10.88 10.21 9.48 8.71 7.88 7.01 6.10 5.15 4.17 3.15 2.11 1.06 0.00 
20.00 19.84 19.69 19.53 19.38 19.23 19.08 18.93 18.78 18.64 18.50 18.36 18.22 18.09 17.96 17.84 17.72 17.60 17.49 17.38 17.27 17.17 17.07 16.98 16.89 16.80 16.71 16.63 16.55 16.48 16.40 16.32 16.25 16.17 16.09 16.01 15.92 15.83 15.73 15.61 15.49 15.35 15.19 15.00 14.79 14.55 14.27 13.95 13.59 13.19 12.73 12.23 11.67 11.06 10.40 9.68 8.91 8.09 7.21 6.29 5.32 4.31 3.27 2.19 1.10 0.00 
20.00 19.85 19.71 19.56 19.42 19.28 19.13 18.99 18.86 18.72 18.59 18.46 18.33 18.21 18.09 17.97 17.85 17.74 17.64 17.53 17.43 17.34 17.25 17.16 17.07 16.99 16.91 16.83 16.75 16.68 16.60 16.53 16.45 16.38 16.30 16.22 16.13 16.03 15.93 15.81 15.69 15.54 15.38 15.19 14.98 14.74 14.46 14.15 13.79 13.39 12.95 12.45 11.91 11.31 10.65 9.94 9.17 8.35 7.46 6.52 5.53 4.49 3.41 2.29 1.15 0.00 
20.00 19.86 19.73 19.59 19.46 19.32 19.19 19.06 18.93 18.81 18.68 18.56 18.44 18.33 18.21 18.10 18.00 17.89 17.79 17.70 17.60 17.51 17.43 17.34 17.26 17.18 17.11 17.03 16.96 16.89 16.82 16.75 16.67 16.60 16.52 16.44 16.35 16.26 16.15 16.04 15.91 15.76 15.60 15.41 15.20 14.96 14.69 14.38 14.04 13.65 13.22 12.73 12.20 11.61 10.97 10.26 9.50 8.67 7.77 6.81 5.79 4.72 3.59 2.42 1.22 0.00 
20.00 19.87 19.75 19.62 19.50 19.37 19.25 19.13 19.01 18.89 18.78 18.67 18.56 18.45 18.35 18.24 18.15 18.05 17.96 17.87 17.78 17.70 17.62 17.54 17.46 17.39 17.32 17.25 17.18 17.11 17.04 16.97 16.90 16.83 16.76 16.68 16.59 16.50 16.39 16.28 16.15 16.01 15.85 15.67 15.46 15.23 14.97 14.67 14.33 13.96 13.54 13.07 12.55 11.98 11.34 10.65 9.88 9.05 8.15 7.17 6.12 4.99 3.81 2.57 1.30 0.00 
20.00 19.88 19.77 19.65 19.54 19.43 19.31 19.20 19.09 18.99 18.88 18.78 18.68 18.58 18.48 18.39 18.30 18.21 18.13 18.04 17.96 17.89 17.81 17.74 17.67 17.60 17.53 17.47 17.41 17.34 17.28 17.21 17.14 17.08 17.00 16.93 16.84 16.75 16.65 16.54 16.42 16.28 16.13 15.95 15.76 15.53 15.28 15.00 14.68 14.32 13.91 13.46 12.96 12.40 11.79 11.10 10.34 9.51 8.60 7.60 6.51 5.34 4.08 2.76 1.40 0.00 
20.00 19.89 19.79 19.69 19.58 19.48 19.38 19.28 19.18 19.08 18.98 18.89 18.80 18.71 18.62 18.54 18.46 18.38 18.30 18.22 18.15 18.08 18.01 17.95 17.88 17.82 17.76 17.70 17.64 17.58 17.52 17.46 17.40 17.33 17.26 17.19 17.11 17.03 16.93 16.83 16.71 16.58 16.43 16.27 16.08 15.87 15.63 15.36 15.06 14.72 14.34 13.91 13.43 12.90 12.30 11.63 10.88 10.06 9.13 8.11 6.99 5.76 4.43 3.01 1.52 0.00 
20.00 19.91 19.81 19.72 19.63 19.53 19.44 19.35 19.26 19.18 19.09 19.01 18.92 18.84 18.77 18.69 18.62 18.55 18.48 18.41 18.34 18.28 18.22 18.16 18.10 18.05 17.99 17.94 17.88 17.83 17.77 17.72 17.66 17.60 17.54 17.47 17.40 17.32 17.23 17.13 17.02 16.90 16.76 16.61 16.44 16.24 16.02 15.77 15.49 15.17 14.81 14.41 13.96 13.45 12.88 12.24 11.51 10.69 9.77 8.74 7.57 6.28 4.86 3.32 1.68 0.00 
20.00 19.92 19.83 19.75 19.67 19.59 19.51 19.43 19.35 19.27 19.20 19.13 19.05 18.98 18.91 18.85 18.78 18.72 18.66 18.60 18.54 18.48 18.43 18.38 18.33 18.28 18.23 18.18 18.13 18.08 18.03 17.98 17.93 17.88 17.82 17.76 17.69 17.62 17.54 17.45 17.35 17.24 17.12 16.98 16.82 16.64 16.44 16.21 15.95 15.66 15.34 14.97 14.55 14.08 13.54 12.93 12.23 11.44 10.53 9.49 8.29 6.94 5.41 3.72 1.90 0.00 
20.00 19.93 19.86 19.79 19.72 19.65 19.58 19.51 19.44 19.37 19.31 19.25 19.18 19.12 19.06 19.01 18.95 18.90 18.84 18.79 18.74 18.69 18.65 18.60 18.56 18.51 18.47 18.43 18.38 18.34 18.30 18.26 18.21 18.16 18.11 18.06 18.00 17.93 17.86 17.78 17.70 17.60 17.49 17.36 17.22 17.07 16.89 16.68 16.46 16.20 15.90 15.57 15.20 14.76 14.27 13.71 13.05 12.30 11.42 10.39 9.18 7.76 6.12 4.25 2.19 0.00 
20.00 19.94 19.88 19.82 19.76 19.70 19.65 19.59 19.53 19.48 19.42 19.37 19.32 19.27 19.22 19.17 19.12 19.07 19.03 18.99 18.95 18.90 18.87 18.83 18.79 18.75 18.72 18.68 18.65 18.61 18.57 18.54 18.50 18.46 18.41 18.37 18.32 18.26 18.20 18.13 18.06 17.97 17.88 17.77 17.65 17.52 17.36 17.19 16.99 16.77 16.52 16.23 15.90 15.52 15.08 14.57 13.98 13.29 12.46 11.46 10.27 8.82 7.07 4.99 2.60 0.00 
20.00 19.95 19.90 19.86 19.81 19.76 19.72 19.67 19.62 19.58 19.54 19.49 19.45 19.41 19.37 19.33 19.29 19.26 19.22 19.19 19.15 19.12 19.09 19.06 19.03 19.00 18.97 18.94 18.91 18.88 18.85 18.82 18.79 18.76 18.72 18.68 18.64 18.60 18.55 18.49 18.43 18.36 18.28 18.20 18.10 17.99 17.86 17.72 17.56 17.37 17.16 16.92 16.65 16.33 15.96 15.53 15.02 14.40 13.66 12.75 11.61 10.17 8.34 6.04 3.21 0.00 
20.00 19.96 19.93 19.89 19.86 19.82 19.79 19.75 19.72 19.68 19.65 19.62 19.59 19.56 19.53 19.50 19.47 19.44 19.41 19.39 19.36 19.34 19.31 19.29 19.27 19.25 19.22 19.20 19.18 19.16 19.14 19.11 19.09 19.06 19.04 19.01 18.98 18.94 18.90 18.86 18.81 18.76 18.70 18.64 18.56 18.48 18.38 18.27 18.15 18.00 17.84 17.66 17.44 17.20 16.91 16.56 16.15 15.66 15.04 14.26 13.25 11.91 10.10 7.60 4.22 0.00 
20.00 19.98 19.95 19.93 19.90 19.88 19.86 19.83 19.81 19.79 19.77 19.75 19.72 19.70 19.68 19.66 19.64 19.63 19.61 19.59 19.57 19.56 19.54 19.53 19.51 19.50 19.48 19.47 19.45 19.44 19.42 19.41 19.39 19.37 19.35 19.33 19.31 19.29 19.26 19.24 19.20 19.17 19.13 19.08 19.03 18.98 18.91 18.84 18.75 18.66 18.55 18.42 18.28 18.11 17.90 17.67 17.38 17.02 16.58 16.00 15.22 14.13 12.53 10.04 6.07 0.00 
20.00 19.99 19.98 19.96 19.95 19.94 19.93 19.92 19.91 19.89 19.88 19.87 19.86 19.85 19.84 19.83 19.82 19.81 19.80 19.80 19.79 19.78 19.77 19.76 19.75 19.75 19.74 19.73 19.73 19.72 19.71 19.70 19.69 19.69 19.68 19.67 19.66 19.64 19.63 19.62 19.60 19.58 19.56 19.54 19.51 19.49 19.45 19.42 19.37 19.32 19.27 19.21 19.13 19.04 18.94 18.82 18.67 18.49 18.25 17.94 17.51 16.87 15.84 13.97 10.01 0.00 
20.00 20.00 20.00 20.00 20.00 20.00 20.00 20.00 20.00 20.00 20.00 20.00 20.00 20.00 20.00 20.00 20.00 20.00 20.00 20.00 20.00 20.00 20.00 20.00 20.00 20.00 20.00 20.00 20.00 20.00 20.00 20.00 20.00 20.00 20.00 20.00 20.00 20.00 20.00 20.00 20.00 20.00 20.00 20.00 20.00 20.00 20.00 20.00 20.00 20.00 20.00 20.00 20.00 20.00 20.00 20.00 20.00 20.00 20.00 20.00 20.00 20.00 20.00 20.00 20.00 0.00 
