Jacobi
N: 8
Iterations: 566
Distance: 0.000000000000000000
20.00 20.00 20.00 20.00 20.00 20.00 20.00 20.00 20.00 20.00 
20.00 19.92 19.82 19.64 19.31 18.70 17.54 15.30 10.74 0.00 
20.00 19.88 19.71 19.43 18.91 17.95 16.15 12.91 7.65 0.00 
20.00 19.87 19.71 19.44 18.97 18.05 16.20 12.56 6.93 0.00 
20.00 19.91 19.81 19.67 19.46 19.07 18.03 14.22 7.52 0.00 
20.00 19.96 19.94 19.96 20.14 20.74 22.64 18.75 8.91 0.00 
20.00 20.00 20.02 20.11 20.38 21.12 23.16 19.36 9.39 0.00 
20.00 20.01 20.03 20.08 20.16 20.19 19.66 16.25 9.28 0.00 
20.00 20.01 20.02 20.02 20.00 19.81 19.04 16.70 11.49 0.00 
20.00 20.00 20.00 20.00 20.00 20.00 20.00 20.00 20.00 0.00 
