0.030000
0.020000
0.030000
0.020000
0.030000
0.020000
0.030000
0.020000
0.020000
0.030000
0.020000
0.030000
0.020000
0.020000
0.030000
0.020000
0.030000
0.020000
0.020000
0.030000
0.020000
0.030000
0.020000
0.020000
0.030000
0.020000
0.020000
0.030000
0.020000
0.030000
0.020000
0.020000
0.030000
0.020000
0.020000
0.030000
0.020000
0.030000
0.020000
0.020000
0.030000
0.020000
0.030000
0.020000
0.030000
0.020000
0.020000
0.030000
0.020000
0.020000
0.030000
0.020000
0.030000
0.020000
0.020000
0.030000
0.020000
0.030000
0.020000
0.020000
0.030000
0.020000
0.030000
0.020000
0.020000
0.030000
0.020000
0.030000
0.020000
0.020000
0.030000
0.020000
0.030000
0.020000
0.020000
0.030000
0.020000
0.030000
0.020000
0.020000
0.030000
0.020000
0.030000
0.020000
0.020000
0.030000
0.020000
0.030000
0.020000
0.020000
0.030000
0.020000
0.030000
0.020000
0.020000
0.030000
0.020000
0.030000
0.020000
0.030000
0.020000
0.020000
0.030000
0.020000
0.020000
0.030000
0.020000
0.030000
0.020000
0.020000
0.030000
0.020000
0.030000
0.020000
0.030000
0.020000
0.020000
0.030000
0.020000
0.030000
0.020000
0.020000
0.030000
0.020000
0.020000
  1361.273   1164.543 0 # matmult_nkm
