0.030000
0.030000
0.030000
0.030000
0.030000
0.030000
0.030000
0.030000
0.030000
0.030000
0.030000
0.030000
0.030000
0.030000
0.030000
0.030000
0.030000
0.030000
0.030000
0.030000
0.030000
0.030000
0.030000
0.030000
0.030000
0.030000
0.030000
0.030000
0.030000
0.030000
0.030000
0.030000
0.030000
0.030000
0.030000
0.030000
0.030000
0.030000
0.030000
0.030000
0.030000
0.030000
0.030000
0.030000
0.030000
0.030000
0.030000
0.030000
0.030000
0.030000
0.030000
0.030000
0.030000
0.030000
0.030000
0.030000
0.030000
0.030000
0.030000
0.030000
0.030000
0.030000
0.030000
0.030000
0.030000
0.030000
0.020000
0.030000
0.030000
0.030000
0.030000
0.030000
0.040000
0.030000
0.030000
0.030000
0.030000
0.030000
0.030000
0.030000
0.030000
0.030000
0.030000
0.030000
0.030000
0.030000
0.030000
0.030000
0.030000
0.030000
0.030000
0.030000
0.030000
0.030000
0.030000
0.030000
0.030000
0.030000
0.030000
0.030000
  2415.023   2198.934 0 # matmult_kmn
