0.020000
0.020000
0.010000
0.020000
0.020000
0.020000
0.020000
0.010000
0.020000
0.020000
0.020000
0.020000
0.010000
0.020000
0.020000
0.020000
0.010000
0.020000
0.020000
0.020000
0.010000
0.020000
0.020000
0.020000
0.010000
0.020000
0.020000
0.020000
0.020000
0.010000
0.020000
0.020000
0.020000
0.010000
0.020000
0.020000
0.020000
0.010000
0.020000
0.020000
0.020000
0.010000
0.020000
0.020000
0.020000
0.010000
0.020000
0.020000
0.020000
0.010000
0.020000
0.020000
0.020000
0.010000
0.020000
0.020000
0.020000
0.010000
0.020000
0.020000
0.020000
0.020000
0.010000
0.020000
0.020000
0.020000
0.010000
0.020000
0.020000
0.020000
0.010000
0.020000
0.020000
0.020000
0.010000
0.020000
0.020000
0.020000
0.010000
0.020000
0.020000
0.020000
0.010000
0.020000
0.020000
0.020000
0.010000
0.020000
0.020000
0.020000
0.020000
0.010000
0.020000
0.020000
0.020000
0.010000
0.020000
0.020000
0.020000
0.010000
0.020000
0.020000
0.020000
0.010000
0.020000
0.020000
0.020000
0.010000
0.020000
0.020000
0.020000
0.010000
0.020000
0.020000
0.020000
0.020000
0.010000
0.020000
0.020000
0.020000
0.010000
0.020000
0.020000
0.020000
0.010000
0.020000
0.020000
0.020000
0.010000
0.020000
0.020000
0.020000
0.010000
0.020000
0.020000
0.020000
0.020000
0.010000
0.020000
0.020000
0.020000
0.010000
0.020000
0.020000
0.020000
0.010000
0.020000
0.020000
0.020000
0.010000
0.020000
0.020000
0.020000
0.010000
0.020000
0.020000
0.020000
0.010000
0.020000
0.020000
0.020000
0.010000
0.020000
0.020000
0.020000
0.010000
0.020000
0.020000
0.020000
0.010000
0.020000
  2415.023   3753.235 0 # matmult_mkn
