0.060000
0.060000
0.060000
0.060000
0.060000
0.060000
0.050000
0.060000
0.060000
0.060000
0.060000
0.060000
0.060000
0.060000
0.060000
0.060000
0.060000
0.060000
0.060000
0.050000
0.060000
0.060000
0.060000
0.060000
0.060000
0.050000
0.060000
0.060000
0.060000
0.050000
0.060000
0.060000
0.060000
0.050000
0.060000
0.060000
0.060000
0.060000
0.060000
0.060000
0.060000
0.060000
0.060000
0.060000
0.050000
0.060000
0.060000
0.060000
0.050000
0.060000
0.060000
0.060000
  5422.523   3798.693 0 # matmult_mkn
