0.030000
0.030000
0.020000
0.020000
0.030000
0.020000
0.020000
0.030000
0.020000
0.020000
0.030000
0.020000
0.020000
0.030000
0.020000
0.020000
0.030000
0.020000
0.020000
0.030000
0.020000
0.020000
0.030000
0.020000
0.030000
0.020000
0.020000
0.030000
0.020000
0.020000
0.020000
0.030000
0.020000
0.020000
0.030000
0.020000
0.020000
0.030000
0.020000
0.020000
0.030000
0.020000
0.020000
0.030000
0.020000
0.020000
0.020000
0.030000
0.020000
0.020000
0.030000
0.020000
0.020000
0.030000
0.020000
0.020000
0.030000
0.020000
0.020000
0.020000
0.030000
0.020000
0.020000
0.030000
0.020000
0.020000
0.030000
0.020000
0.020000
0.030000
0.020000
0.020000
0.030000
0.020000
0.020000
0.020000
0.030000
0.020000
0.020000
0.030000
0.020000
0.020000
0.030000
0.020000
0.020000
0.030000
0.020000
0.020000
0.030000
0.020000
0.020000
0.030000
0.020000
0.020000
0.030000
0.020000
0.020000
0.030000
0.020000
0.020000
0.030000
0.020000
0.020000
0.030000
0.020000
0.020000
0.020000
0.030000
0.020000
0.020000
0.030000
0.020000
0.020000
0.030000
0.020000
0.020000
0.030000
0.020000
0.020000
0.020000
0.030000
0.020000
0.020000
0.030000
0.020000
0.020000
0.030000
0.020000
0.020000
0.030000
  1361.273   1204.197 0 # matmult_knm
