0.030000
0.040000
0.040000
0.030000
0.040000
0.040000
0.040000
0.030000
0.040000
0.040000
0.040000
0.030000
0.040000
0.040000
0.030000
0.040000
0.040000
0.040000
0.030000
0.040000
0.040000
0.040000
0.030000
0.040000
0.040000
0.030000
0.040000
0.040000
0.040000
0.030000
0.040000
0.040000
0.030000
0.040000
0.040000
0.030000
0.040000
0.040000
0.030000
0.040000
0.040000
0.030000
0.040000
0.040000
0.030000
0.040000
0.040000
0.030000
0.040000
0.040000
0.030000
0.040000
0.040000
0.030000
0.040000
0.040000
0.030000
0.040000
0.040000
0.030000
0.040000
0.040000
0.040000
0.030000
0.040000
0.040000
0.030000
0.040000
0.040000
0.030000
0.040000
0.040000
0.030000
0.040000
0.040000
0.030000
0.040000
0.040000
0.030000
0.040000
0.040000
0.030000
  2415.023   1792.569 0 # matmult_mnk
