Jacobi method 
N: 128
Iterations: 10000
Distance: 0.015723002281764514
20.00 20.00 20.00 20.00 20.00 20.00 20.00 20.00 20.00 20.00 20.00 20.00 20.00 20.00 20.00 20.00 20.00 20.00 20.00 20.00 20.00 20.00 20.00 20.00 20.00 20.00 20.00 20.00 20.00 20.00 20.00 20.00 20.00 20.00 20.00 20.00 20.00 20.00 20.00 20.00 20.00 20.00 20.00 20.00 20.00 20.00 20.00 20.00 20.00 20.00 20.00 20.00 20.00 20.00 20.00 20.00 20.00 20.00 20.00 20.00 20.00 20.00 20.00 20.00 20.00 20.00 20.00 20.00 20.00 20.00 20.00 20.00 20.00 20.00 20.00 20.00 20.00 20.00 20.00 20.00 20.00 20.00 20.00 20.00 20.00 20.00 20.00 20.00 20.00 20.00 20.00 20.00 20.00 20.00 20.00 20.00 20.00 20.00 20.00 20.00 20.00 20.00 20.00 20.00 20.00 20.00 20.00 20.00 20.00 20.00 20.00 20.00 20.00 20.00 20.00 20.00 20.00 20.00 20.00 20.00 20.00 20.00 20.00 20.00 20.00 20.00 20.00 20.00 20.00 20.00 
20.00 20.00 19.99 19.99 19.99 19.99 19.98 19.98 19.98 19.98 19.97 19.97 19.97 19.97 19.96 19.96 19.96 19.96 19.95 19.95 19.95 19.95 19.94 19.94 19.94 19.94 19.93 19.93 19.93 19.93 19.92 19.92 19.92 19.92 19.91 19.91 19.91 19.91 19.90 19.90 19.90 19.90 19.89 19.89 19.89 19.89 19.88 19.88 19.88 19.88 19.87 19.87 19.87 19.87 19.86 19.86 19.86 19.85 19.85 19.85 19.85 19.84 19.84 19.84 19.83 19.83 19.83 19.82 19.82 19.82 19.81 19.81 19.80 19.80 19.80 19.79 19.79 19.78 19.78 19.77 19.77 19.76 19.76 19.75 19.74 19.74 19.73 19.72 19.71 19.71 19.70 19.69 19.68 19.67 19.66 19.65 19.64 19.62 19.61 19.60 19.58 19.57 19.55 19.53 19.51 19.49 19.46 19.44 19.41 19.38 19.35 19.31 19.26 19.22 19.16 19.10 19.03 18.95 18.85 18.74 18.59 18.42 18.19 17.88 17.46 16.83 15.81 13.95 10.00 0.00 
20.00 19.99 19.99 19.98 19.98 19.97 19.97 19.96 19.96 19.95 19.95 19.94 19.94 19.93 19.93 19.92 19.92 19.91 19.91 19.90 19.90 19.89 19.89 19.88 19.88 19.87 19.87 19.86 19.86 19.85 19.85 19.84 19.84 19.83 19.83 19.82 19.82 19.81 19.81 19.80 19.80 19.79 19.79 19.78 19.78 19.77 19.77 19.76 19.76 19.75 19.75 19.74 19.74 19.73 19.73 19.72 19.71 19.71 19.70 19.70 19.69 19.69 19.68 19.67 19.67 19.66 19.65 19.65 19.64 19.63 19.62 19.62 19.61 19.60 19.59 19.58 19.57 19.56 19.55 19.54 19.53 19.52 19.51 19.50 19.49 19.47 19.46 19.44 19.43 19.41 19.40 19.38 19.36 19.34 19.32 19.30 19.27 19.25 19.22 19.19 19.16 19.13 19.10 19.06 19.02 18.98 18.93 18.88 18.82 18.76 18.69 18.62 18.54 18.44 18.33 18.21 18.07 17.91 17.72 17.50 17.22 16.88 16.45 15.89 15.13 14.06 12.47 10.00 6.05 0.00 
20.00 19.99 19.98 19.98 19.97 19.96 19.95 19.95 19.94 19.93 19.92 19.91 19.91 19.90 19.89 19.88 19.88 19.87 19.86 19.85 19.85 19.84 19.83 19.82 19.81 19.81 19.80 19.79 19.78 19.78 19.77 19.76 19.76 19.75 19.74 19.73 19.73 19.72 19.71 19.70 19.70 19.69 19.68 19.67 19.67 19.66 19.65 19.64 19.64 19.63 19.62 19.61 19.60 19.60 19.59 19.58 19.57 19.56 19.55 19.55 19.54 19.53 19.52 19.51 19.50 19.49 19.48 19.47 19.46 19.45 19.44 19.43 19.41 19.40 19.39 19.37 19.36 19.35 19.33 19.32 19.30 19.28 19.27 19.25 19.23 19.21 19.19 19.17 19.14 19.12 19.10 19.07 19.04 19.01 18.98 18.95 18.91 18.88 18.84 18.79 18.75 18.70 18.65 18.60 18.54 18.47 18.40 18.33 18.24 18.15 18.05 17.94 17.82 17.68 17.52 17.34 17.14 16.91 16.63 16.31 15.92 15.44 14.85 14.09 13.11 11.80 10.01 7.54 4.19 0.00 
20.00 19.99 19.98 19.97 19.96 19.95 19.94 19.93 19.92 19.91 19.90 19.89 19.88 19.87 19.85 19.84 19.83 19.82 19.81 19.80 19.79 19.78 19.77 19.76 19.75 19.74 19.73 19.72 19.71 19.70 19.69 19.68 19.67 19.66 19.65 19.64 19.63 19.62 19.61 19.60 19.59 19.58 19.57 19.56 19.55 19.54 19.53 19.52 19.51 19.50 19.49 19.48 19.47 19.46 19.45 19.44 19.43 19.42 19.41 19.40 19.38 19.37 19.36 19.35 19.33 19.32 19.31 19.29 19.28 19.26 19.25 19.23 19.22 19.20 19.18 19.17 19.15 19.13 19.11 19.09 19.07 19.05 19.02 19.00 18.97 18.95 18.92 18.89 18.86 18.83 18.80 18.76 18.72 18.69 18.64 18.60 18.55 18.51 18.45 18.40 18.34 18.27 18.21 18.13 18.06 17.97 17.88 17.78 17.67 17.55 17.42 17.27 17.11 16.93 16.73 16.50 16.24 15.94 15.59 15.18 14.70 14.11 13.40 12.52 11.42 10.01 8.22 5.96 3.17 0.00 
20.00 19.99 19.97 19.96 19.95 19.93 19.92 19.91 19.90 19.88 19.87 19.86 19.84 19.83 19.82 19.81 19.79 19.78 19.77 19.75 19.74 19.73 19.72 19.70 19.69 19.68 19.67 19.65 19.64 19.63 19.62 19.60 19.59 19.58 19.57 19.56 19.54 19.53 19.52 19.51 19.49 19.48 19.47 19.46 19.44 19.43 19.42 19.41 19.39 19.38 19.37 19.35 19.34 19.33 19.31 19.30 19.29 19.27 19.26 19.24 19.23 19.21 19.20 19.18 19.17 19.15 19.13 19.12 19.10 19.08 19.06 19.04 19.02 19.00 18.98 18.96 18.94 18.91 18.89 18.86 18.84 18.81 18.78 18.75 18.72 18.69 18.65 18.62 18.58 18.54 18.50 18.46 18.41 18.36 18.31 18.26 18.20 18.14 18.07 18.00 17.93 17.85 17.77 17.68 17.58 17.48 17.36 17.24 17.11 16.96 16.80 16.62 16.42 16.21 15.96 15.69 15.37 15.02 14.61 14.13 13.57 12.91 12.12 11.17 10.02 8.62 6.92 4.89 2.55 0.00 
20.00 19.98 19.97 19.95 19.94 19.92 19.91 19.89 19.88 19.86 19.84 19.83 19.81 19.80 19.78 19.77 19.75 19.74 19.72 19.71 19.69 19.68 19.66 19.65 19.63 19.61 19.60 19.58 19.57 19.56 19.54 19.53 19.51 19.50 19.48 19.47 19.45 19.44 19.42 19.41 19.39 19.38 19.36 19.35 19.33 19.32 19.30 19.29 19.27 19.26 19.24 19.23 19.21 19.19 19.18 19.16 19.15 19.13 19.11 19.09 19.08 19.06 19.04 19.02 19.00 18.98 18.96 18.94 18.92 18.90 18.88 18.85 18.83 18.81 18.78 18.75 18.73 18.70 18.67 18.64 18.61 18.58 18.54 18.51 18.47 18.43 18.39 18.35 18.30 18.25 18.20 18.15 18.10 18.04 17.98 17.91 17.85 17.77 17.70 17.62 17.53 17.44 17.34 17.23 17.11 16.99 16.86 16.71 16.56 16.38 16.20 15.99 15.76 15.51 15.23 14.91 14.56 14.15 13.69 13.16 12.55 11.84 11.01 10.03 8.88 7.52 5.94 4.13 2.13 0.00 
20.00 19.98 19.96 19.95 19.93 19.91 19.89 19.87 19.85 19.84 19.82 19.80 19.78 19.76 19.75 19.73 19.71 19.69 19.67 19.66 19.64 19.62 19.60 19.59 19.57 19.55 19.53 19.52 19.50 19.48 19.46 19.45 19.43 19.41 19.39 19.38 19.36 19.34 19.33 19.31 19.29 19.27 19.26 19.24 19.22 19.20 19.19 19.17 19.15 19.13 19.12 19.10 19.08 19.06 19.04 19.02 19.00 18.98 18.96 18.94 18.92 18.90 18.88 18.86 18.84 18.82 18.79 18.77 18.74 18.72 18.69 18.67 18.64 18.61 18.58 18.55 18.52 18.49 18.45 18.42 18.38 18.34 18.30 18.26 18.22 18.17 18.12 18.08 18.02 17.97 17.91 17.85 17.79 17.72 17.65 17.58 17.50 17.41 17.33 17.23 17.13 17.03 16.91 16.79 16.66 16.52 16.36 16.20 16.02 15.82 15.61 15.38 15.12 14.84 14.53 14.18 13.78 13.34 12.85 12.28 11.63 10.89 10.04 9.06 7.94 6.65 5.19 3.57 1.82 0.00 
20.00 19.98 19.96 19.94 19.92 19.90 19.88 19.85 19.83 19.81 19.79 19.77 19.75 19.73 19.71 19.69 19.67 19.65 19.63 19.61 19.59 19.57 19.55 19.53 19.51 19.49 19.47 19.45 19.43 19.41 19.39 19.37 19.35 19.33 19.31 19.29 19.27 19.25 19.23 19.21 19.19 19.17 19.15 19.13 19.11 19.09 19.07 19.05 19.03 19.01 18.99 18.97 18.95 18.93 18.91 18.88 18.86 18.84 18.82 18.80 18.77 18.75 18.72 18.70 18.67 18.65 18.62 18.59 18.57 18.54 18.51 18.48 18.45 18.41 18.38 18.35 18.31 18.27 18.23 18.19 18.15 18.11 18.06 18.02 17.97 17.92 17.86 17.81 17.75 17.69 17.62 17.55 17.48 17.41 17.33 17.24 17.16 17.06 16.96 16.86 16.74 16.62 16.49 16.36 16.21 16.05 15.88 15.70 15.50 15.28 15.05 14.79 14.51 14.20 13.86 13.48 13.06 12.59 12.07 11.48 10.81 10.06 9.20 8.24 7.16 5.94 4.60 3.15 1.60 0.00 
20.00 19.98 19.95 19.93 19.91 19.88 19.86 19.84 19.81 19.79 19.77 19.74 19.72 19.70 19.67 19.65 19.63 19.60 19.58 19.56 19.54 19.51 19.49 19.47 19.45 19.42 19.40 19.38 19.36 19.33 19.31 19.29 19.27 19.24 19.22 19.20 19.18 19.16 19.13 19.11 19.09 19.07 19.05 19.02 19.00 18.98 18.96 18.93 18.91 18.89 18.87 18.84 18.82 18.80 18.77 18.75 18.72 18.70 18.67 18.65 18.62 18.59 18.57 18.54 18.51 18.48 18.45 18.42 18.39 18.36 18.32 18.29 18.26 18.22 18.18 18.14 18.10 18.06 18.02 17.97 17.93 17.88 17.83 17.78 17.72 17.66 17.61 17.54 17.48 17.41 17.34 17.26 17.18 17.10 17.01 16.92 16.82 16.71 16.60 16.49 16.36 16.23 16.09 15.94 15.77 15.60 15.41 15.21 15.00 14.76 14.51 14.23 13.93 13.60 13.23 12.83 12.39 11.90 11.35 10.75 10.07 9.32 8.48 7.54 6.51 5.37 4.13 2.81 1.42 0.00 
20.00 19.97 19.95 19.92 19.90 19.87 19.84 19.82 19.79 19.77 19.74 19.71 19.69 19.66 19.64 19.61 19.59 19.56 19.54 19.51 19.48 19.46 19.43 19.41 19.38 19.36 19.33 19.31 19.28 19.26 19.24 19.21 19.19 19.16 19.14 19.11 19.09 19.06 19.04 19.01 18.99 18.97 18.94 18.92 18.89 18.87 18.84 18.82 18.79 18.77 18.74 18.72 18.69 18.66 18.64 18.61 18.58 18.55 18.53 18.50 18.47 18.44 18.41 18.38 18.35 18.32 18.28 18.25 18.22 18.18 18.14 18.11 18.07 18.03 17.99 17.94 17.90 17.85 17.81 17.76 17.71 17.65 17.60 17.54 17.48 17.42 17.35 17.28 17.21 17.13 17.05 16.97 16.88 16.79 16.70 16.59 16.49 16.37 16.25 16.12 15.99 15.84 15.69 15.52 15.35 15.16 14.96 14.74 14.51 14.26 13.99 13.69 13.37 13.02 12.64 12.22 11.76 11.26 10.70 10.09 9.41 8.67 7.84 6.94 5.96 4.89 3.75 2.54 1.28 0.00 
20.00 19.97 19.94 19.91 19.89 19.86 19.83 19.80 19.77 19.74 19.71 19.69 19.66 19.63 19.60 19.57 19.54 19.52 19.49 19.46 19.43 19.41 19.38 19.35 19.32 19.30 19.27 19.24 19.21 19.19 19.16 19.13 19.11 19.08 19.05 19.02 19.00 18.97 18.94 18.92 18.89 18.86 18.84 18.81 18.78 18.75 18.73 18.70 18.67 18.64 18.62 18.59 18.56 18.53 18.50 18.47 18.44 18.41 18.38 18.35 18.32 18.29 18.25 18.22 18.19 18.15 18.12 18.08 18.04 18.00 17.96 17.92 17.88 17.84 17.79 17.74 17.70 17.65 17.59 17.54 17.48 17.43 17.37 17.30 17.24 17.17 17.10 17.02 16.94 16.86 16.78 16.69 16.59 16.49 16.39 16.28 16.16 16.04 15.91 15.77 15.62 15.47 15.30 15.13 14.94 14.74 14.52 14.29 14.04 13.78 13.49 13.18 12.85 12.48 12.08 11.65 11.18 10.67 10.11 9.49 8.82 8.09 7.29 6.42 5.49 4.49 3.43 2.32 1.17 0.00 
20.00 19.97 19.94 19.91 19.88 19.84 19.81 19.78 19.75 19.72 19.69 19.66 19.63 19.60 19.56 19.53 19.50 19.47 19.44 19.41 19.38 19.35 19.32 19.29 19.26 19.23 19.20 19.17 19.14 19.11 19.08 19.05 19.02 18.99 18.97 18.94 18.91 18.88 18.85 18.82 18.79 18.76 18.73 18.70 18.67 18.64 18.61 18.58 18.55 18.52 18.49 18.46 18.43 18.40 18.37 18.34 18.30 18.27 18.24 18.20 18.17 18.14 18.10 18.06 18.03 17.99 17.95 17.91 17.87 17.83 17.78 17.74 17.69 17.65 17.60 17.55 17.49 17.44 17.38 17.33 17.27 17.20 17.14 17.07 17.00 16.93 16.85 16.77 16.68 16.60 16.50 16.41 16.30 16.20 16.08 15.97 15.84 15.71 15.57 15.42 15.27 15.10 14.92 14.74 14.54 14.33 14.10 13.86 13.60 13.32 13.02 12.70 12.35 11.97 11.56 11.12 10.65 10.13 9.57 8.95 8.29 7.58 6.80 5.97 5.09 4.15 3.16 2.13 1.07 0.00 
20.00 19.97 19.93 19.90 19.86 19.83 19.80 19.76 19.73 19.70 19.66 19.63 19.60 19.56 19.53 19.50 19.46 19.43 19.40 19.36 19.33 19.30 19.27 19.23 19.20 19.17 19.14 19.10 19.07 19.04 19.01 18.98 18.94 18.91 18.88 18.85 18.82 18.79 18.75 18.72 18.69 18.66 18.63 18.60 18.56 18.53 18.50 18.47 18.44 18.40 18.37 18.34 18.30 18.27 18.24 18.20 18.17 18.13 18.10 18.06 18.02 17.98 17.95 17.91 17.87 17.83 17.78 17.74 17.70 17.65 17.61 17.56 17.51 17.46 17.41 17.35 17.30 17.24 17.18 17.12 17.05 16.98 16.91 16.84 16.77 16.69 16.60 16.52 16.43 16.33 16.23 16.13 16.02 15.91 15.79 15.66 15.53 15.39 15.24 15.08 14.92 14.74 14.56 14.36 14.15 13.93 13.69 13.44 13.17 12.88 12.57 12.24 11.88 11.49 11.08 10.63 10.15 9.63 9.07 8.47 7.82 7.12 6.38 5.58 4.74 3.85 2.93 1.97 0.99 0.00 
20.00 19.96 19.93 19.89 19.85 19.82 19.78 19.75 19.71 19.67 19.64 19.60 19.56 19.53 19.49 19.46 19.42 19.39 19.35 19.31 19.28 19.24 19.21 19.17 19.14 19.10 19.07 19.04 19.00 18.97 18.93 18.90 18.86 18.83 18.80 18.76 18.73 18.69 18.66 18.63 18.59 18.56 18.52 18.49 18.46 18.42 18.39 18.35 18.32 18.28 18.25 18.21 18.18 18.14 18.10 18.07 18.03 17.99 17.95 17.91 17.87 17.83 17.79 17.75 17.71 17.67 17.62 17.57 17.53 17.48 17.43 17.38 17.33 17.27 17.22 17.16 17.10 17.04 16.97 16.91 16.84 16.77 16.69 16.62 16.53 16.45 16.36 16.27 16.18 16.08 15.97 15.86 15.75 15.63 15.50 15.37 15.22 15.08 14.92 14.76 14.58 14.40 14.21 14.00 13.78 13.55 13.30 13.04 12.76 12.46 12.14 11.80 11.44 11.04 10.62 10.17 9.69 9.18 8.62 8.03 7.39 6.72 6.00 5.24 4.44 3.60 2.73 1.84 0.92 0.00 
20.00 19.96 19.92 19.88 19.84 19.80 19.77 19.73 19.69 19.65 19.61 19.57 19.53 19.50 19.46 19.42 19.38 19.34 19.30 19.27 19.23 19.19 19.15 19.12 19.08 19.04 19.00 18.97 18.93 18.89 18.86 18.82 18.78 18.75 18.71 18.67 18.64 18.60 18.56 18.53 18.49 18.46 18.42 18.38 18.35 18.31 18.27 18.24 18.20 18.16 18.12 18.09 18.05 18.01 17.97 17.93 17.89 17.85 17.81 17.77 17.73 17.69 17.64 17.60 17.55 17.51 17.46 17.41 17.36 17.31 17.26 17.20 17.15 17.09 17.03 16.97 16.91 16.84 16.77 16.70 16.63 16.55 16.47 16.39 16.31 16.22 16.13 16.03 15.93 15.82 15.71 15.60 15.48 15.35 15.22 15.08 14.93 14.77 14.61 14.44 14.26 14.07 13.86 13.65 13.42 13.18 12.93 12.66 12.37 12.06 11.74 11.39 11.02 10.62 10.20 9.75 9.27 8.76 8.21 7.63 7.01 6.35 5.66 4.93 4.17 3.38 2.56 1.72 0.86 0.00 
20.00 19.96 19.92 19.88 19.83 19.79 19.75 19.71 19.67 19.63 19.59 19.54 19.50 19.46 19.42 19.38 19.34 19.30 19.26 19.22 19.18 19.14 19.10 19.06 19.02 18.98 18.94 18.90 18.86 18.82 18.78 18.74 18.70 18.66 18.63 18.59 18.55 18.51 18.47 18.43 18.39 18.36 18.32 18.28 18.24 18.20 18.16 18.12 18.08 18.04 18.00 17.96 17.92 17.88 17.84 17.80 17.76 17.71 17.67 17.63 17.58 17.54 17.49 17.44 17.40 17.35 17.30 17.25 17.19 17.14 17.08 17.03 16.97 16.91 16.84 16.78 16.71 16.64 16.57 16.50 16.42 16.34 16.26 16.17 16.08 15.99 15.89 15.79 15.69 15.58 15.46 15.34 15.21 15.08 14.94 14.79 14.64 14.48 14.31 14.13 13.94 13.74 13.53 13.31 13.08 12.83 12.57 12.29 12.00 11.69 11.35 11.00 10.63 10.23 9.81 9.36 8.88 8.37 7.83 7.26 6.66 6.03 5.36 4.66 3.94 3.18 2.41 1.62 0.81 0.00 
20.00 19.96 19.91 19.87 19.82 19.78 19.74 19.69 19.65 19.60 19.56 19.52 19.47 19.43 19.38 19.34 19.30 19.26 19.21 19.17 19.13 19.08 19.04 19.00 18.96 18.91 18.87 18.83 18.79 18.75 18.71 18.66 18.62 18.58 18.54 18.50 18.46 18.42 18.38 18.34 18.30 18.25 18.21 18.17 18.13 18.09 18.05 18.01 17.97 17.92 17.88 17.84 17.80 17.75 17.71 17.67 17.62 17.58 17.53 17.49 17.44 17.39 17.34 17.29 17.24 17.19 17.14 17.08 17.03 16.97 16.91 16.85 16.79 16.73 16.66 16.59 16.52 16.45 16.38 16.30 16.22 16.14 16.05 15.96 15.86 15.77 15.67 15.56 15.45 15.33 15.21 15.09 14.95 14.82 14.67 14.52 14.36 14.19 14.02 13.83 13.64 13.43 13.22 12.99 12.75 12.49 12.23 11.94 11.64 11.33 10.99 10.64 10.26 9.86 9.44 8.99 8.52 8.02 7.49 6.93 6.35 5.73 5.09 4.42 3.73 3.01 2.28 1.53 0.77 0.00 
20.00 19.95 19.91 19.86 19.81 19.77 19.72 19.67 19.63 19.58 19.53 19.49 19.44 19.39 19.35 19.30 19.26 19.21 19.17 19.12 19.08 19.03 18.99 18.94 18.90 18.85 18.81 18.76 18.72 18.67 18.63 18.59 18.54 18.50 18.46 18.41 18.37 18.33 18.28 18.24 18.20 18.15 18.11 18.07 18.02 17.98 17.94 17.89 17.85 17.81 17.76 17.72 17.67 17.63 17.58 17.54 17.49 17.44 17.39 17.35 17.30 17.25 17.20 17.14 17.09 17.04 16.98 16.92 16.87 16.81 16.75 16.68 16.62 16.55 16.48 16.41 16.34 16.26 16.18 16.10 16.02 15.93 15.84 15.75 15.65 15.55 15.44 15.33 15.22 15.10 14.97 14.84 14.70 14.56 14.41 14.25 14.09 13.91 13.73 13.54 13.34 13.13 12.91 12.68 12.43 12.17 11.90 11.61 11.31 10.99 10.65 10.29 9.91 9.52 9.10 8.65 8.18 7.69 7.17 6.63 6.06 5.47 4.85 4.20 3.54 2.86 2.16 1.45 0.72 0.00 
20.00 19.95 19.90 19.85 19.80 19.75 19.70 19.65 19.61 19.56 19.51 19.46 19.41 19.36 19.31 19.26 19.22 19.17 19.12 19.07 19.02 18.98 18.93 18.88 18.84 18.79 18.74 18.69 18.65 18.60 18.56 18.51 18.46 18.42 18.37 18.33 18.28 18.24 18.19 18.15 18.10 18.05 18.01 17.96 17.92 17.87 17.83 17.78 17.74 17.69 17.64 17.60 17.55 17.50 17.45 17.41 17.36 17.31 17.26 17.21 17.15 17.10 17.05 16.99 16.94 16.88 16.82 16.77 16.71 16.64 16.58 16.51 16.45 16.38 16.31 16.23 16.16 16.08 16.00 15.91 15.82 15.73 15.64 15.54 15.44 15.33 15.22 15.11 14.99 14.86 14.74 14.60 14.46 14.31 14.15 13.99 13.82 13.64 13.46 13.26 13.06 12.84 12.62 12.38 12.13 11.86 11.59 11.30 10.99 10.67 10.33 9.97 9.59 9.19 8.78 8.34 7.88 7.39 6.88 6.35 5.80 5.22 4.63 4.01 3.37 2.72 2.05 1.37 0.69 0.00 
20.00 19.95 19.90 19.84 19.79 19.74 19.69 19.64 19.59 19.53 19.48 19.43 19.38 19.33 19.28 19.23 19.18 19.12 19.07 19.02 18.97 18.92 18.87 18.82 18.77 18.73 18.68 18.63 18.58 18.53 18.48 18.43 18.38 18.34 18.29 18.24 18.19 18.15 18.10 18.05 18.00 17.96 17.91 17.86 17.81 17.76 17.72 17.67 17.62 17.57 17.52 17.48 17.43 17.38 17.33 17.28 17.23 17.17 17.12 17.07 17.01 16.96 16.90 16.85 16.79 16.73 16.67 16.61 16.55 16.48 16.42 16.35 16.28 16.21 16.13 16.05 15.98 15.89 15.81 15.72 15.63 15.54 15.44 15.34 15.23 15.12 15.01 14.89 14.77 14.64 14.51 14.37 14.22 14.07 13.91 13.74 13.57 13.38 13.19 12.99 12.78 12.56 12.33 12.09 11.84 11.57 11.29 11.00 10.69 10.36 10.02 9.66 9.29 8.89 8.48 8.04 7.59 7.11 6.62 6.10 5.56 5.00 4.43 3.83 3.22 2.59 1.96 1.31 0.66 0.00 
20.00 19.95 19.89 19.84 19.78 19.73 19.67 19.62 19.56 19.51 19.46 19.40 19.35 19.29 19.24 19.19 19.13 19.08 19.03 18.98 18.92 18.87 18.82 18.77 18.71 18.66 18.61 18.56 18.51 18.46 18.41 18.36 18.31 18.25 18.20 18.15 18.10 18.05 18.01 17.96 17.91 17.86 17.81 17.76 17.71 17.66 17.61 17.56 17.51 17.46 17.41 17.36 17.30 17.25 17.20 17.15 17.09 17.04 16.99 16.93 16.88 16.82 16.76 16.70 16.64 16.58 16.52 16.45 16.39 16.32 16.25 16.18 16.11 16.04 15.96 15.88 15.80 15.71 15.63 15.54 15.44 15.34 15.24 15.14 15.03 14.92 14.80 14.68 14.55 14.42 14.28 14.14 13.99 13.83 13.67 13.50 13.32 13.13 12.94 12.73 12.52 12.30 12.06 11.82 11.56 11.29 11.01 10.71 10.40 10.08 9.73 9.38 9.00 8.61 8.20 7.77 7.32 6.86 6.37 5.87 5.35 4.80 4.25 3.67 3.08 2.48 1.87 1.25 0.63 0.00 
20.00 19.94 19.89 19.83 19.77 19.71 19.66 19.60 19.54 19.49 19.43 19.37 19.32 19.26 19.21 19.15 19.09 19.04 18.98 18.93 18.87 18.82 18.76 18.71 18.65 18.60 18.55 18.49 18.44 18.39 18.33 18.28 18.23 18.17 18.12 18.07 18.02 17.96 17.91 17.86 17.81 17.76 17.71 17.65 17.60 17.55 17.50 17.45 17.39 17.34 17.29 17.24 17.18 17.13 17.07 17.02 16.97 16.91 16.85 16.80 16.74 16.68 16.62 16.56 16.50 16.43 16.37 16.30 16.23 16.17 16.09 16.02 15.95 15.87 15.79 15.71 15.62 15.54 15.45 15.35 15.26 15.16 15.05 14.95 14.83 14.72 14.60 14.47 14.34 14.21 14.07 13.92 13.76 13.60 13.44 13.26 13.08 12.89 12.69 12.48 12.27 12.04 11.80 11.55 11.29 11.02 10.74 10.44 10.13 9.80 9.46 9.11 8.74 8.35 7.94 7.52 7.08 6.62 6.15 5.65 5.15 4.62 4.08 3.53 2.96 2.38 1.79 1.20 0.60 0.00 
20.00 19.94 19.88 19.82 19.76 19.70 19.64 19.58 19.52 19.46 19.40 19.35 19.29 19.23 19.17 19.11 19.05 18.99 18.94 18.88 18.82 18.76 18.71 18.65 18.59 18.54 18.48 18.42 18.37 18.31 18.26 18.20 18.15 18.09 18.04 17.98 17.93 17.88 17.82 17.77 17.71 17.66 17.61 17.55 17.50 17.44 17.39 17.34 17.28 17.23 17.17 17.12 17.06 17.01 16.95 16.89 16.84 16.78 16.72 16.66 16.60 16.54 16.48 16.42 16.35 16.29 16.22 16.15 16.08 16.01 15.94 15.86 15.78 15.71 15.62 15.54 15.45 15.36 15.27 15.17 15.08 14.97 14.87 14.76 14.64 14.52 14.40 14.27 14.14 14.00 13.85 13.70 13.55 13.38 13.21 13.04 12.85 12.66 12.46 12.24 12.02 11.79 11.55 11.30 11.04 10.77 10.48 10.18 9.87 9.55 9.21 8.85 8.48 8.10 7.70 7.28 6.85 6.40 5.94 5.46 4.96 4.45 3.93 3.39 2.85 2.29 1.72 1.15 0.58 0.00 
20.00 19.94 19.88 19.81 19.75 19.69 19.63 19.56 19.50 19.44 19.38 19.32 19.26 19.19 19.13 19.07 19.01 18.95 18.89 18.83 18.77 18.71 18.65 18.59 18.53 18.47 18.42 18.36 18.30 18.24 18.18 18.13 18.07 18.01 17.96 17.90 17.84 17.79 17.73 17.67 17.62 17.56 17.51 17.45 17.39 17.34 17.28 17.23 17.17 17.11 17.06 17.00 16.94 16.88 16.83 16.77 16.71 16.65 16.59 16.53 16.47 16.40 16.34 16.28 16.21 16.14 16.07 16.00 15.93 15.86 15.78 15.71 15.63 15.54 15.46 15.37 15.29 15.19 15.10 15.00 14.90 14.79 14.68 14.57 14.45 14.33 14.21 14.08 13.94 13.80 13.65 13.50 13.34 13.17 13.00 12.82 12.63 12.43 12.23 12.01 11.79 11.56 11.32 11.07 10.80 10.53 10.24 9.94 9.63 9.31 8.97 8.62 8.25 7.87 7.47 7.06 6.64 6.20 5.74 5.28 4.79 4.30 3.79 3.27 2.74 2.21 1.66 1.11 0.56 0.00 
20.00 19.94 19.87 19.81 19.74 19.68 19.61 19.55 19.48 19.42 19.35 19.29 19.23 19.16 19.10 19.03 18.97 18.91 18.85 18.78 18.72 18.66 18.60 18.53 18.47 18.41 18.35 18.29 18.23 18.17 18.11 18.05 17.99 17.93 17.87 17.81 17.76 17.70 17.64 17.58 17.52 17.46 17.41 17.35 17.29 17.23 17.17 17.12 17.06 17.00 16.94 16.88 16.82 16.76 16.70 16.64 16.58 16.52 16.46 16.40 16.33 16.27 16.20 16.14 16.07 16.00 15.93 15.86 15.78 15.71 15.63 15.55 15.47 15.39 15.30 15.21 15.12 15.03 14.93 14.83 14.73 14.62 14.51 14.39 14.27 14.15 14.02 13.89 13.75 13.60 13.45 13.30 13.13 12.97 12.79 12.61 12.42 12.22 12.01 11.79 11.57 11.34 11.09 10.84 10.57 10.30 10.01 9.71 9.40 9.08 8.74 8.39 8.03 7.65 7.26 6.86 6.44 6.01 5.57 5.11 4.64 4.16 3.66 3.16 2.65 2.13 1.60 1.07 0.54 0.00 
20.00 19.93 19.87 19.80 19.73 19.66 19.60 19.53 19.46 19.39 19.33 19.26 19.19 19.13 19.06 19.00 18.93 18.86 18.80 18.73 18.67 18.61 18.54 18.48 18.41 18.35 18.29 18.22 18.16 18.10 18.04 17.97 17.91 17.85 17.79 17.73 17.67 17.61 17.55 17.49 17.43 17.37 17.31 17.25 17.19 17.13 17.07 17.01 16.95 16.89 16.83 16.77 16.71 16.64 16.58 16.52 16.46 16.40 16.33 16.27 16.20 16.13 16.07 16.00 15.93 15.86 15.79 15.71 15.64 15.56 15.48 15.40 15.32 15.23 15.14 15.05 14.96 14.86 14.77 14.66 14.56 14.45 14.33 14.22 14.10 13.97 13.84 13.70 13.56 13.41 13.26 13.10 12.94 12.77 12.59 12.40 12.21 12.01 11.80 11.58 11.36 11.12 10.88 10.62 10.36 10.08 9.79 9.49 9.18 8.86 8.53 8.18 7.82 7.45 7.07 6.67 6.26 5.84 5.40 4.95 4.50 4.03 3.55 3.06 2.56 2.06 1.55 1.03 0.52 0.00 
20.00 19.93 19.86 19.79 19.72 19.65 19.58 19.51 19.44 19.37 19.30 19.23 19.16 19.09 19.03 18.96 18.89 18.82 18.75 18.69 18.62 18.55 18.49 18.42 18.35 18.29 18.22 18.16 18.09 18.03 17.96 17.90 17.83 17.77 17.71 17.64 17.58 17.52 17.46 17.39 17.33 17.27 17.21 17.15 17.09 17.02 16.96 16.90 16.84 16.78 16.71 16.65 16.59 16.53 16.46 16.40 16.33 16.27 16.20 16.14 16.07 16.00 15.93 15.86 15.79 15.72 15.65 15.57 15.49 15.42 15.33 15.25 15.17 15.08 14.99 14.90 14.80 14.71 14.60 14.50 14.39 14.28 14.17 14.05 13.92 13.79 13.66 13.52 13.38 13.23 13.08 12.92 12.75 12.58 12.40 12.21 12.01 11.81 11.60 11.38 11.15 10.92 10.67 10.41 10.15 9.87 9.59 9.29 8.98 8.66 8.33 7.98 7.63 7.26 6.88 6.49 6.09 5.67 5.25 4.81 4.36 3.91 3.44 2.96 2.48 1.99 1.50 1.00 0.50 0.00 
20.00 19.93 19.85 19.78 19.71 19.64 19.56 19.49 19.42 19.35 19.28 19.20 19.13 19.06 18.99 18.92 18.85 18.78 18.71 18.64 18.57 18.50 18.43 18.36 18.29 18.23 18.16 18.09 18.02 17.96 17.89 17.82 17.76 17.69 17.63 17.56 17.50 17.43 17.37 17.30 17.24 17.17 17.11 17.05 16.98 16.92 16.86 16.79 16.73 16.67 16.60 16.54 16.47 16.41 16.34 16.28 16.21 16.15 16.08 16.01 15.94 15.87 15.80 15.73 15.66 15.58 15.51 15.43 15.35 15.27 15.19 15.11 15.02 14.93 14.84 14.75 14.65 14.55 14.45 14.34 14.23 14.12 14.00 13.88 13.76 13.63 13.49 13.35 13.21 13.06 12.90 12.74 12.57 12.39 12.21 12.02 11.82 11.62 11.41 11.19 10.96 10.72 10.47 10.22 9.95 9.68 9.39 9.09 8.79 8.47 8.14 7.80 7.45 7.09 6.71 6.33 5.93 5.52 5.11 4.68 4.24 3.79 3.34 2.88 2.41 1.93 1.45 0.97 0.49 0.00 
20.00 19.92 19.85 19.77 19.70 19.62 19.55 19.47 19.40 19.32 19.25 19.18 19.10 19.03 18.95 18.88 18.81 18.74 18.66 18.59 18.52 18.45 18.38 18.30 18.23 18.16 18.09 18.02 17.95 17.88 17.82 17.75 17.68 17.61 17.54 17.48 17.41 17.34 17.28 17.21 17.14 17.08 17.01 16.95 16.88 16.82 16.75 16.69 16.62 16.56 16.49 16.42 16.36 16.29 16.23 16.16 16.09 16.02 15.95 15.88 15.81 15.74 15.67 15.60 15.52 15.45 15.37 15.29 15.21 15.13 15.05 14.96 14.88 14.79 14.69 14.60 14.50 14.40 14.29 14.19 14.08 13.96 13.84 13.72 13.59 13.46 13.33 13.18 13.04 12.88 12.73 12.56 12.39 12.22 12.03 11.84 11.64 11.44 11.23 11.00 10.77 10.54 10.29 10.03 9.77 9.49 9.21 8.91 8.61 8.29 7.96 7.63 7.28 6.92 6.55 6.17 5.78 5.38 4.97 4.55 4.13 3.69 3.25 2.80 2.34 1.88 1.41 0.94 0.47 0.00 
20.00 19.92 19.84 19.77 19.69 19.61 19.53 19.46 19.38 19.30 19.22 19.15 19.07 18.99 18.92 18.84 18.77 18.69 18.62 18.54 18.47 18.39 18.32 18.25 18.17 18.10 18.03 17.96 17.88 17.81 17.74 17.67 17.60 17.53 17.46 17.39 17.32 17.26 17.19 17.12 17.05 16.98 16.92 16.85 16.78 16.71 16.65 16.58 16.51 16.45 16.38 16.31 16.24 16.18 16.11 16.04 15.97 15.90 15.83 15.76 15.69 15.62 15.54 15.47 15.39 15.32 15.24 15.16 15.08 14.99 14.91 14.82 14.73 14.64 14.55 14.45 14.35 14.25 14.15 14.04 13.92 13.81 13.69 13.56 13.44 13.30 13.17 13.02 12.87 12.72 12.56 12.40 12.23 12.05 11.86 11.67 11.47 11.27 11.05 10.83 10.60 10.36 10.11 9.86 9.59 9.32 9.03 8.74 8.43 8.12 7.80 7.46 7.12 6.77 6.40 6.03 5.65 5.25 4.85 4.44 4.02 3.60 3.16 2.72 2.28 1.83 1.37 0.92 0.46 0.00 
20.00 19.92 19.84 19.76 19.68 19.60 19.52 19.44 19.36 19.28 19.20 19.12 19.04 18.96 18.88 18.80 18.73 18.65 18.57 18.49 18.42 18.34 18.26 18.19 18.11 18.04 17.96 17.89 17.82 17.74 17.67 17.60 17.52 17.45 17.38 17.31 17.24 17.17 17.10 17.03 16.96 16.89 16.82 16.75 16.68 16.61 16.54 16.47 16.41 16.34 16.27 16.20 16.13 16.06 15.99 15.92 15.85 15.78 15.71 15.64 15.56 15.49 15.42 15.34 15.26 15.19 15.11 15.03 14.94 14.86 14.77 14.69 14.59 14.50 14.41 14.31 14.21 14.11 14.00 13.89 13.78 13.66 13.54 13.41 13.28 13.15 13.01 12.87 12.72 12.56 12.40 12.24 12.06 11.89 11.70 11.51 11.31 11.10 10.89 10.66 10.43 10.19 9.95 9.69 9.43 9.15 8.87 8.58 8.27 7.96 7.64 7.31 6.97 6.62 6.26 5.89 5.52 5.13 4.74 4.33 3.92 3.51 3.08 2.66 2.22 1.78 1.34 0.89 0.45 0.00 
20.00 19.92 19.83 19.75 19.67 19.59 19.50 19.42 19.34 19.26 19.17 19.09 19.01 18.93 18.85 18.77 18.69 18.61 18.53 18.45 18.37 18.29 18.21 18.13 18.05 17.98 17.90 17.82 17.75 17.67 17.60 17.52 17.45 17.37 17.30 17.23 17.15 17.08 17.01 16.94 16.86 16.79 16.72 16.65 16.58 16.51 16.44 16.37 16.30 16.23 16.16 16.09 16.02 15.95 15.88 15.81 15.73 15.66 15.59 15.52 15.44 15.37 15.29 15.21 15.14 15.06 14.98 14.89 14.81 14.73 14.64 14.55 14.46 14.37 14.27 14.17 14.07 13.97 13.86 13.75 13.63 13.52 13.39 13.27 13.14 13.00 12.86 12.72 12.57 12.41 12.25 12.08 11.91 11.73 11.54 11.35 11.15 10.94 10.73 10.51 10.27 10.04 9.79 9.53 9.27 9.00 8.71 8.42 8.12 7.81 7.50 7.17 6.83 6.49 6.13 5.77 5.40 5.02 4.63 4.24 3.83 3.43 3.01 2.59 2.17 1.74 1.31 0.87 0.44 0.00 
20.00 19.91 19.83 19.74 19.66 19.57 19.49 19.40 19.32 19.23 19.15 19.06 18.98 18.89 18.81 18.73 18.64 18.56 18.48 18.40 18.32 18.24 18.15 18.07 17.99 17.91 17.84 17.76 17.68 17.60 17.52 17.45 17.37 17.29 17.22 17.14 17.07 16.99 16.92 16.85 16.77 16.70 16.63 16.55 16.48 16.41 16.34 16.27 16.19 16.12 16.05 15.98 15.91 15.83 15.76 15.69 15.62 15.54 15.47 15.40 15.32 15.24 15.17 15.09 15.01 14.93 14.85 14.77 14.68 14.60 14.51 14.42 14.33 14.23 14.14 14.04 13.93 13.83 13.72 13.61 13.50 13.38 13.25 13.13 13.00 12.86 12.72 12.57 12.42 12.27 12.11 11.94 11.76 11.58 11.40 11.20 11.00 10.79 10.58 10.36 10.12 9.89 9.64 9.38 9.12 8.85 8.57 8.28 7.98 7.68 7.36 7.04 6.70 6.36 6.01 5.65 5.29 4.92 4.53 4.15 3.75 3.35 2.95 2.53 2.12 1.70 1.28 0.85 0.43 0.00 
20.00 19.91 19.82 19.74 19.65 19.56 19.47 19.38 19.30 19.21 19.12 19.03 18.95 18.86 18.78 18.69 18.60 18.52 18.43 18.35 18.27 18.18 18.10 18.02 17.93 17.85 17.77 17.69 17.61 17.53 17.45 17.37 17.29 17.21 17.14 17.06 16.98 16.91 16.83 16.76 16.68 16.61 16.53 16.46 16.38 16.31 16.24 16.16 16.09 16.02 15.94 15.87 15.80 15.72 15.65 15.58 15.50 15.43 15.35 15.28 15.20 15.12 15.05 14.97 14.89 14.81 14.72 14.64 14.56 14.47 14.38 14.29 14.20 14.10 14.01 13.91 13.80 13.70 13.59 13.48 13.36 13.24 13.12 12.99 12.86 12.72 12.58 12.44 12.29 12.13 11.97 11.80 11.62 11.44 11.26 11.06 10.86 10.65 10.44 10.21 9.98 9.75 9.50 9.25 8.98 8.71 8.43 8.15 7.85 7.55 7.23 6.91 6.58 6.25 5.90 5.55 5.19 4.82 4.44 4.06 3.67 3.28 2.88 2.48 2.07 1.66 1.25 0.83 0.42 0.00 
20.00 19.91 19.82 19.73 19.64 19.55 19.46 19.37 19.28 19.19 19.10 19.01 18.92 18.83 18.74 18.65 18.56 18.48 18.39 18.30 18.22 18.13 18.04 17.96 17.87 17.79 17.71 17.62 17.54 17.46 17.38 17.30 17.22 17.14 17.06 16.98 16.90 16.82 16.74 16.66 16.59 16.51 16.44 16.36 16.28 16.21 16.13 16.06 15.98 15.91 15.84 15.76 15.69 15.61 15.54 15.46 15.39 15.31 15.24 15.16 15.08 15.00 14.93 14.85 14.77 14.68 14.60 14.52 14.43 14.34 14.25 14.16 14.07 13.98 13.88 13.78 13.67 13.57 13.46 13.35 13.23 13.11 12.99 12.86 12.73 12.59 12.45 12.30 12.15 12.00 11.83 11.66 11.49 11.31 11.12 10.93 10.73 10.52 10.30 10.08 9.85 9.61 9.37 9.11 8.85 8.58 8.31 8.02 7.73 7.42 7.11 6.80 6.47 6.14 5.80 5.45 5.09 4.73 4.36 3.98 3.60 3.22 2.83 2.43 2.03 1.63 1.22 0.82 0.41 0.00 
20.00 19.91 19.81 19.72 19.63 19.53 19.44 19.35 19.25 19.16 19.07 18.98 18.89 18.79 18.70 18.61 18.52 18.43 18.34 18.25 18.16 18.08 17.99 17.90 17.81 17.73 17.64 17.56 17.47 17.39 17.30 17.22 17.14 17.06 16.98 16.89 16.81 16.73 16.65 16.57 16.50 16.42 16.34 16.26 16.19 16.11 16.03 15.96 15.88 15.80 15.73 15.65 15.58 15.50 15.43 15.35 15.27 15.20 15.12 15.04 14.96 14.89 14.81 14.73 14.65 14.56 14.48 14.39 14.31 14.22 14.13 14.04 13.95 13.85 13.75 13.65 13.55 13.44 13.33 13.22 13.11 12.99 12.86 12.73 12.60 12.47 12.32 12.18 12.03 11.87 11.71 11.54 11.36 11.18 11.00 10.80 10.60 10.39 10.18 9.96 9.73 9.49 9.24 8.99 8.73 8.46 8.19 7.90 7.61 7.31 7.00 6.69 6.37 6.04 5.70 5.35 5.00 4.65 4.28 3.91 3.54 3.16 2.77 2.38 1.99 1.60 1.20 0.80 0.40 0.00 
20.00 19.90 19.81 19.71 19.62 19.52 19.42 19.33 19.23 19.14 19.04 18.95 18.85 18.76 18.67 18.57 18.48 18.39 18.30 18.20 18.11 18.02 17.93 17.84 17.75 17.67 17.58 17.49 17.40 17.32 17.23 17.15 17.06 16.98 16.89 16.81 16.73 16.65 16.57 16.48 16.40 16.32 16.25 16.17 16.09 16.01 15.93 15.85 15.78 15.70 15.62 15.55 15.47 15.39 15.32 15.24 15.16 15.08 15.01 14.93 14.85 14.77 14.69 14.61 14.53 14.44 14.36 14.28 14.19 14.10 14.01 13.92 13.83 13.73 13.63 13.53 13.43 13.32 13.21 13.10 12.98 12.87 12.74 12.61 12.48 12.35 12.20 12.06 11.91 11.75 11.59 11.42 11.24 11.06 10.88 10.68 10.48 10.28 10.06 9.84 9.61 9.37 9.13 8.88 8.62 8.35 8.08 7.79 7.50 7.21 6.90 6.59 6.27 5.94 5.61 5.27 4.92 4.57 4.21 3.85 3.48 3.10 2.72 2.34 1.96 1.57 1.18 0.79 0.39 0.00 
20.00 19.90 19.80 19.70 19.61 19.51 19.41 19.31 19.21 19.11 19.02 18.92 18.82 18.73 18.63 18.53 18.44 18.34 18.25 18.16 18.06 17.97 17.88 17.79 17.69 17.60 17.51 17.42 17.33 17.25 17.16 17.07 16.98 16.90 16.81 16.73 16.64 16.56 16.48 16.40 16.31 16.23 16.15 16.07 15.99 15.91 15.83 15.75 15.67 15.60 15.52 15.44 15.36 15.28 15.21 15.13 15.05 14.97 14.89 14.81 14.73 14.65 14.57 14.49 14.41 14.33 14.24 14.16 14.07 13.98 13.89 13.80 13.71 13.61 13.51 13.41 13.31 13.20 13.10 12.98 12.87 12.75 12.63 12.50 12.37 12.23 12.09 11.94 11.79 11.64 11.47 11.31 11.13 10.95 10.76 10.57 10.37 10.16 9.95 9.73 9.50 9.27 9.02 8.77 8.51 8.25 7.97 7.69 7.41 7.11 6.81 6.50 6.18 5.86 5.53 5.19 4.85 4.50 4.14 3.79 3.42 3.05 2.68 2.30 1.93 1.54 1.16 0.77 0.39 0.00 
20.00 19.90 19.80 19.70 19.59 19.49 19.39 19.29 19.19 19.09 18.99 18.89 18.79 18.69 18.59 18.50 18.40 18.30 18.20 18.11 18.01 17.92 17.82 17.73 17.63 17.54 17.45 17.36 17.27 17.18 17.09 17.00 16.91 16.82 16.73 16.65 16.56 16.47 16.39 16.31 16.22 16.14 16.06 15.97 15.89 15.81 15.73 15.65 15.57 15.49 15.41 15.33 15.25 15.18 15.10 15.02 14.94 14.86 14.78 14.70 14.62 14.54 14.46 14.38 14.30 14.21 14.13 14.04 13.96 13.87 13.78 13.69 13.59 13.50 13.40 13.30 13.20 13.09 12.98 12.87 12.76 12.64 12.51 12.39 12.26 12.12 11.98 11.84 11.68 11.53 11.37 11.20 11.03 10.85 10.66 10.47 10.27 10.06 9.85 9.63 9.40 9.17 8.92 8.67 8.42 8.15 7.88 7.60 7.31 7.02 6.72 6.41 6.10 5.78 5.45 5.12 4.78 4.43 4.08 3.73 3.37 3.01 2.64 2.27 1.90 1.52 1.14 0.76 0.38 0.00 
20.00 19.90 19.79 19.69 19.58 19.48 19.38 19.27 19.17 19.07 18.96 18.86 18.76 18.66 18.56 18.46 18.36 18.26 18.16 18.06 17.96 17.86 17.77 17.67 17.57 17.48 17.38 17.29 17.20 17.10 17.01 16.92 16.83 16.74 16.65 16.56 16.48 16.39 16.30 16.22 16.13 16.05 15.96 15.88 15.80 15.71 15.63 15.55 15.47 15.39 15.31 15.23 15.15 15.07 14.99 14.91 14.83 14.75 14.67 14.59 14.51 14.43 14.35 14.27 14.18 14.10 14.02 13.93 13.84 13.75 13.67 13.57 13.48 13.39 13.29 13.19 13.09 12.98 12.87 12.76 12.65 12.53 12.41 12.28 12.15 12.02 11.88 11.73 11.58 11.43 11.27 11.10 10.93 10.75 10.56 10.37 10.17 9.97 9.75 9.53 9.31 9.07 8.83 8.58 8.33 8.06 7.79 7.52 7.23 6.94 6.64 6.34 6.02 5.71 5.38 5.05 4.72 4.38 4.03 3.68 3.32 2.96 2.60 2.24 1.87 1.50 1.12 0.75 0.38 0.00 
20.00 19.89 19.79 19.68 19.57 19.47 19.36 19.25 19.15 19.04 18.94 18.83 18.73 18.62 18.52 18.42 18.31 18.21 18.11 18.01 17.91 17.81 17.71 17.61 17.51 17.42 17.32 17.22 17.13 17.03 16.94 16.85 16.75 16.66 16.57 16.48 16.39 16.30 16.21 16.13 16.04 15.95 15.87 15.78 15.70 15.62 15.53 15.45 15.37 15.29 15.20 15.12 15.04 14.96 14.88 14.80 14.72 14.64 14.56 14.48 14.40 14.32 14.24 14.15 14.07 13.99 13.90 13.82 13.73 13.64 13.56 13.46 13.37 13.28 13.18 13.08 12.98 12.88 12.77 12.66 12.54 12.43 12.31 12.18 12.05 11.92 11.78 11.64 11.49 11.33 11.17 11.01 10.84 10.66 10.47 10.28 10.08 9.88 9.67 9.45 9.22 8.99 8.75 8.50 8.25 7.98 7.71 7.44 7.16 6.87 6.57 6.27 5.96 5.64 5.32 4.99 4.66 4.32 3.98 3.63 3.28 2.93 2.57 2.21 1.84 1.48 1.11 0.74 0.37 0.00 
20.00 19.89 19.78 19.67 19.56 19.45 19.34 19.24 19.13 19.02 18.91 18.80 18.70 18.59 18.48 18.38 18.27 18.17 18.06 17.96 17.86 17.75 17.65 17.55 17.45 17.35 17.25 17.16 17.06 16.96 16.87 16.77 16.68 16.58 16.49 16.40 16.31 16.22 16.13 16.04 15.95 15.86 15.77 15.69 15.60 15.52 15.43 15.35 15.27 15.18 15.10 15.02 14.94 14.86 14.78 14.69 14.61 14.53 14.45 14.37 14.29 14.21 14.13 14.05 13.96 13.88 13.79 13.71 13.62 13.54 13.45 13.36 13.26 13.17 13.07 12.98 12.88 12.77 12.67 12.56 12.45 12.33 12.21 12.09 11.96 11.82 11.69 11.54 11.40 11.24 11.09 10.92 10.75 10.57 10.39 10.20 10.00 9.80 9.59 9.37 9.14 8.91 8.67 8.43 8.17 7.91 7.64 7.37 7.09 6.80 6.50 6.20 5.89 5.58 5.26 4.94 4.61 4.27 3.93 3.59 3.24 2.89 2.54 2.18 1.82 1.46 1.10 0.73 0.37 0.00 
20.00 19.89 19.78 19.66 19.55 19.44 19.33 19.22 19.11 18.99 18.88 18.77 18.66 18.56 18.45 18.34 18.23 18.12 18.02 17.91 17.81 17.70 17.60 17.49 17.39 17.29 17.19 17.09 16.99 16.89 16.79 16.69 16.60 16.50 16.41 16.31 16.22 16.13 16.04 15.95 15.86 15.77 15.68 15.59 15.51 15.42 15.33 15.25 15.17 15.08 15.00 14.92 14.83 14.75 14.67 14.59 14.51 14.43 14.34 14.26 14.18 14.10 14.02 13.94 13.85 13.77 13.69 13.60 13.52 13.43 13.34 13.25 13.16 13.07 12.97 12.88 12.78 12.67 12.57 12.46 12.35 12.24 12.12 11.99 11.87 11.74 11.60 11.46 11.31 11.16 11.00 10.84 10.67 10.50 10.31 10.12 9.93 9.73 9.52 9.30 9.07 8.84 8.60 8.36 8.11 7.85 7.58 7.30 7.02 6.74 6.44 6.14 5.84 5.53 5.21 4.89 4.56 4.23 3.89 3.55 3.21 2.86 2.51 2.16 1.80 1.44 1.08 0.72 0.36 0.00 
20.00 19.89 19.77 19.66 19.54 19.43 19.31 19.20 19.08 18.97 18.86 18.74 18.63 18.52 18.41 18.30 18.19 18.08 17.97 17.86 17.75 17.65 17.54 17.43 17.33 17.23 17.12 17.02 16.92 16.82 16.72 16.62 16.52 16.42 16.33 16.23 16.14 16.04 15.95 15.86 15.77 15.68 15.59 15.50 15.41 15.32 15.24 15.15 15.06 14.98 14.90 14.81 14.73 14.65 14.56 14.48 14.40 14.32 14.24 14.16 14.08 13.99 13.91 13.83 13.75 13.67 13.58 13.50 13.41 13.33 13.24 13.15 13.06 12.97 12.87 12.78 12.68 12.58 12.48 12.37 12.26 12.15 12.03 11.91 11.78 11.65 11.52 11.38 11.24 11.09 10.93 10.77 10.60 10.43 10.24 10.06 9.86 9.66 9.45 9.24 9.01 8.78 8.54 8.30 8.05 7.79 7.52 7.25 6.97 6.68 6.39 6.09 5.79 5.48 5.16 4.84 4.52 4.19 3.86 3.52 3.18 2.83 2.48 2.13 1.78 1.43 1.07 0.72 0.36 0.00 
20.00 19.88 19.76 19.65 19.53 19.41 19.30 19.18 19.06 18.95 18.83 18.71 18.60 18.49 18.37 18.26 18.15 18.03 17.92 17.81 17.70 17.59 17.48 17.37 17.27 17.16 17.06 16.95 16.85 16.75 16.64 16.54 16.44 16.34 16.25 16.15 16.05 15.96 15.86 15.77 15.68 15.58 15.49 15.40 15.31 15.22 15.14 15.05 14.96 14.88 14.79 14.71 14.63 14.54 14.46 14.38 14.30 14.21 14.13 14.05 13.97 13.89 13.81 13.72 13.64 13.56 13.48 13.39 13.31 13.22 13.14 13.05 12.96 12.87 12.78 12.68 12.59 12.49 12.39 12.28 12.17 12.06 11.95 11.83 11.71 11.58 11.45 11.31 11.17 11.02 10.86 10.70 10.54 10.36 10.18 10.00 9.80 9.60 9.40 9.18 8.96 8.73 8.49 8.25 8.00 7.74 7.47 7.20 6.92 6.64 6.35 6.05 5.75 5.44 5.12 4.80 4.48 4.15 3.82 3.49 3.15 2.81 2.46 2.11 1.77 1.41 1.06 0.71 0.35 0.00 
20.00 19.88 19.76 19.64 19.52 19.40 19.28 19.16 19.04 18.92 18.80 18.68 18.57 18.45 18.33 18.22 18.10 17.99 17.87 17.76 17.65 17.54 17.43 17.32 17.21 17.10 16.99 16.88 16.78 16.67 16.57 16.47 16.36 16.26 16.16 16.06 15.97 15.87 15.77 15.68 15.58 15.49 15.40 15.31 15.22 15.13 15.04 14.95 14.86 14.78 14.69 14.61 14.52 14.44 14.36 14.27 14.19 14.11 14.03 13.95 13.86 13.78 13.70 13.62 13.54 13.46 13.37 13.29 13.21 13.12 13.04 12.95 12.86 12.78 12.68 12.59 12.50 12.40 12.30 12.20 12.09 11.98 11.87 11.75 11.63 11.51 11.38 11.24 11.10 10.95 10.80 10.64 10.48 10.31 10.13 9.95 9.75 9.55 9.35 9.13 8.91 8.68 8.45 8.20 7.95 7.69 7.43 7.16 6.88 6.60 6.31 6.01 5.71 5.40 5.09 4.77 4.45 4.12 3.79 3.46 3.12 2.78 2.44 2.10 1.75 1.40 1.05 0.70 0.35 0.00 
20.00 19.88 19.75 19.63 19.51 19.38 19.26 19.14 19.02 18.90 18.78 18.65 18.53 18.41 18.30 18.18 18.06 17.94 17.83 17.71 17.59 17.48 17.37 17.26 17.14 17.03 16.92 16.81 16.71 16.60 16.49 16.39 16.29 16.18 16.08 15.98 15.88 15.78 15.68 15.59 15.49 15.40 15.30 15.21 15.12 15.03 14.94 14.85 14.76 14.68 14.59 14.50 14.42 14.33 14.25 14.17 14.09 14.00 13.92 13.84 13.76 13.68 13.60 13.52 13.44 13.35 13.27 13.19 13.11 13.03 12.94 12.86 12.77 12.68 12.59 12.50 12.41 12.31 12.22 12.12 12.01 11.91 11.80 11.68 11.56 11.44 11.31 11.18 11.04 10.90 10.75 10.59 10.43 10.26 10.08 9.90 9.71 9.51 9.31 9.09 8.87 8.64 8.41 8.17 7.92 7.66 7.39 7.12 6.85 6.56 6.27 5.98 5.68 5.37 5.06 4.74 4.42 4.10 3.77 3.44 3.10 2.76 2.42 2.08 1.74 1.39 1.05 0.70 0.35 0.00 
20.00 19.87 19.75 19.62 19.50 19.37 19.25 19.12 19.00 18.87 18.75 18.62 18.50 18.38 18.26 18.14 18.02 17.90 17.78 17.66 17.54 17.42 17.31 17.19 17.08 16.97 16.86 16.75 16.64 16.53 16.42 16.31 16.21 16.10 16.00 15.90 15.80 15.69 15.60 15.50 15.40 15.31 15.21 15.12 15.02 14.93 14.84 14.75 14.66 14.57 14.49 14.40 14.32 14.23 14.15 14.06 13.98 13.90 13.82 13.74 13.66 13.58 13.49 13.41 13.33 13.25 13.17 13.09 13.01 12.93 12.85 12.76 12.68 12.59 12.51 12.42 12.33 12.23 12.14 12.04 11.94 11.84 11.73 11.62 11.50 11.38 11.26 11.13 10.99 10.85 10.70 10.55 10.39 10.22 10.05 9.86 9.68 9.48 9.27 9.06 8.84 8.61 8.38 8.14 7.89 7.63 7.37 7.10 6.82 6.53 6.25 5.95 5.65 5.34 5.03 4.72 4.40 4.07 3.75 3.42 3.08 2.75 2.41 2.07 1.73 1.38 1.04 0.69 0.35 0.00 
20.00 19.87 19.74 19.61 19.48 19.36 19.23 19.10 18.97 18.85 18.72 18.59 18.47 18.34 18.22 18.09 17.97 17.85 17.73 17.61 17.49 17.37 17.25 17.13 17.02 16.90 16.79 16.68 16.56 16.45 16.34 16.23 16.13 16.02 15.92 15.81 15.71 15.61 15.51 15.41 15.31 15.21 15.12 15.02 14.93 14.83 14.74 14.65 14.56 14.47 14.39 14.30 14.21 14.13 14.04 13.96 13.88 13.80 13.71 13.63 13.55 13.47 13.39 13.31 13.23 13.15 13.07 13.00 12.92 12.83 12.75 12.67 12.59 12.51 12.42 12.33 12.25 12.16 12.06 11.97 11.87 11.77 11.66 11.56 11.44 11.33 11.21 11.08 10.95 10.81 10.66 10.51 10.35 10.19 10.02 9.84 9.65 9.45 9.25 9.04 8.82 8.59 8.36 8.12 7.87 7.61 7.35 7.07 6.80 6.51 6.22 5.93 5.63 5.32 5.01 4.70 4.38 4.06 3.73 3.40 3.07 2.73 2.40 2.06 1.72 1.38 1.03 0.69 0.34 0.00 
20.00 19.87 19.74 19.60 19.47 19.34 19.21 19.08 18.95 18.82 18.69 18.56 18.43 18.31 18.18 18.05 17.93 17.80 17.68 17.56 17.43 17.31 17.19 17.07 16.95 16.84 16.72 16.61 16.49 16.38 16.27 16.16 16.05 15.94 15.83 15.73 15.62 15.52 15.42 15.32 15.22 15.12 15.02 14.92 14.83 14.74 14.64 14.55 14.46 14.37 14.28 14.20 14.11 14.03 13.94 13.86 13.77 13.69 13.61 13.53 13.45 13.37 13.29 13.21 13.13 13.06 12.98 12.90 12.82 12.74 12.66 12.58 12.50 12.42 12.34 12.25 12.17 12.08 11.99 11.90 11.80 11.71 11.61 11.50 11.39 11.28 11.16 11.04 10.91 10.77 10.63 10.48 10.33 10.16 9.99 9.82 9.63 9.44 9.23 9.02 8.81 8.58 8.35 8.10 7.85 7.60 7.33 7.06 6.78 6.50 6.21 5.91 5.61 5.31 5.00 4.68 4.36 4.04 3.71 3.39 3.06 2.72 2.39 2.05 1.71 1.37 1.03 0.69 0.34 0.00 
20.00 19.87 19.73 19.60 19.46 19.33 19.19 19.06 18.93 18.79 18.66 18.53 18.40 18.27 18.14 18.01 17.88 17.76 17.63 17.50 17.38 17.25 17.13 17.01 16.89 16.77 16.65 16.53 16.42 16.30 16.19 16.08 15.97 15.86 15.75 15.64 15.53 15.43 15.33 15.22 15.12 15.02 14.93 14.83 14.73 14.64 14.54 14.45 14.36 14.27 14.18 14.09 14.01 13.92 13.84 13.75 13.67 13.59 13.51 13.43 13.35 13.27 13.19 13.11 13.04 12.96 12.88 12.80 12.73 12.65 12.57 12.49 12.42 12.34 12.26 12.18 12.09 12.01 11.92 11.83 11.74 11.65 11.55 11.45 11.34 11.23 11.12 11.00 10.88 10.74 10.61 10.46 10.31 10.15 9.98 9.80 9.62 9.43 9.23 9.02 8.80 8.58 8.34 8.10 7.85 7.59 7.33 7.05 6.78 6.49 6.20 5.90 5.60 5.30 4.98 4.67 4.35 4.03 3.70 3.38 3.04 2.71 2.38 2.04 1.70 1.36 1.02 0.68 0.34 0.00 
20.00 19.86 19.72 19.59 19.45 19.31 19.18 19.04 18.90 18.77 18.63 18.50 18.37 18.23 18.10 17.97 17.84 17.71 17.58 17.45 17.32 17.20 17.07 16.95 16.82 16.70 16.58 16.46 16.35 16.23 16.11 16.00 15.89 15.77 15.66 15.55 15.45 15.34 15.24 15.13 15.03 14.93 14.83 14.73 14.63 14.54 14.44 14.35 14.26 14.17 14.08 13.99 13.90 13.82 13.73 13.65 13.57 13.49 13.41 13.33 13.25 13.17 13.09 13.01 12.94 12.86 12.79 12.71 12.63 12.56 12.48 12.41 12.33 12.26 12.18 12.10 12.02 11.94 11.86 11.77 11.68 11.59 11.50 11.40 11.30 11.20 11.09 10.97 10.85 10.72 10.59 10.45 10.30 10.14 9.98 9.80 9.62 9.43 9.23 9.02 8.80 8.58 8.35 8.10 7.85 7.59 7.33 7.05 6.78 6.49 6.20 5.90 5.60 5.29 4.98 4.66 4.34 4.02 3.70 3.37 3.04 2.70 2.37 2.03 1.70 1.36 1.02 0.68 0.34 0.00 
20.00 19.86 19.72 19.58 19.44 19.30 19.16 19.02 18.88 18.74 18.60 18.47 18.33 18.19 18.06 17.93 17.79 17.66 17.53 17.40 17.27 17.14 17.01 16.88 16.76 16.64 16.51 16.39 16.27 16.15 16.03 15.92 15.80 15.69 15.58 15.47 15.36 15.25 15.14 15.04 14.94 14.83 14.73 14.63 14.54 14.44 14.34 14.25 14.16 14.07 13.98 13.89 13.80 13.72 13.63 13.55 13.46 13.38 13.30 13.22 13.14 13.07 12.99 12.91 12.84 12.76 12.69 12.62 12.54 12.47 12.40 12.32 12.25 12.18 12.10 12.03 11.95 11.87 11.79 11.71 11.63 11.54 11.45 11.36 11.27 11.17 11.06 10.95 10.83 10.71 10.58 10.44 10.30 10.14 9.98 9.81 9.63 9.44 9.24 9.03 8.82 8.59 8.36 8.11 7.86 7.60 7.34 7.06 6.78 6.49 6.20 5.90 5.60 5.29 4.98 4.66 4.34 4.02 3.69 3.36 3.03 2.70 2.37 2.03 1.69 1.36 1.02 0.68 0.34 0.00 
20.00 19.86 19.71 19.57 19.43 19.28 19.14 19.00 18.86 18.72 18.57 18.43 18.30 18.16 18.02 17.88 17.75 17.61 17.48 17.34 17.21 17.08 16.95 16.82 16.69 16.57 16.44 16.32 16.20 16.08 15.96 15.84 15.72 15.61 15.49 15.38 15.27 15.16 15.05 14.95 14.84 14.74 14.64 14.54 14.44 14.34 14.24 14.15 14.06 13.96 13.87 13.79 13.70 13.61 13.53 13.44 13.36 13.28 13.20 13.12 13.04 12.97 12.89 12.82 12.74 12.67 12.60 12.52 12.45 12.38 12.31 12.24 12.17 12.10 12.03 11.95 11.88 11.81 11.73 11.66 11.58 11.50 11.41 11.33 11.24 11.14 11.04 10.93 10.82 10.70 10.58 10.44 10.30 10.15 9.99 9.83 9.65 9.46 9.26 9.06 8.84 8.61 8.38 8.14 7.88 7.62 7.35 7.08 6.79 6.50 6.21 5.91 5.60 5.29 4.98 4.66 4.34 4.01 3.69 3.36 3.03 2.70 2.36 2.03 1.69 1.35 1.02 0.68 0.34 0.00 
20.00 19.85 19.71 19.56 19.41 19.27 19.12 18.98 18.83 18.69 18.54 18.40 18.26 18.12 17.98 17.84 17.70 17.56 17.42 17.29 17.15 17.02 16.89 16.76 16.63 16.50 16.37 16.25 16.12 16.00 15.88 15.76 15.64 15.52 15.41 15.29 15.18 15.07 14.96 14.85 14.75 14.64 14.54 14.44 14.34 14.24 14.14 14.05 13.95 13.86 13.77 13.68 13.59 13.51 13.42 13.34 13.26 13.18 13.10 13.02 12.94 12.87 12.79 12.72 12.64 12.57 12.50 12.43 12.36 12.29 12.22 12.16 12.09 12.02 11.95 11.88 11.82 11.75 11.68 11.60 11.53 11.45 11.38 11.29 11.21 11.12 11.03 10.93 10.82 10.71 10.59 10.46 10.32 10.17 10.02 9.85 9.68 9.49 9.29 9.09 8.87 8.65 8.41 8.17 7.91 7.65 7.38 7.10 6.81 6.52 6.22 5.92 5.61 5.30 4.98 4.66 4.34 4.01 3.69 3.36 3.03 2.69 2.36 2.02 1.69 1.35 1.01 0.68 0.34 0.00 
20.00 19.85 19.70 19.55 19.40 19.25 19.10 18.96 18.81 18.66 18.51 18.37 18.22 18.08 17.94 17.79 17.65 17.51 17.37 17.23 17.10 16.96 16.82 16.69 16.56 16.43 16.30 16.17 16.04 15.92 15.80 15.67 15.55 15.44 15.32 15.20 15.09 14.98 14.87 14.76 14.65 14.54 14.44 14.34 14.24 14.14 14.04 13.95 13.85 13.76 13.67 13.58 13.49 13.40 13.32 13.24 13.15 13.07 12.99 12.92 12.84 12.76 12.69 12.62 12.55 12.48 12.41 12.34 12.27 12.20 12.14 12.07 12.01 11.94 11.88 11.82 11.75 11.69 11.62 11.55 11.49 11.42 11.34 11.27 11.19 11.11 11.02 10.92 10.82 10.72 10.60 10.48 10.35 10.20 10.05 9.89 9.72 9.53 9.34 9.13 8.92 8.69 8.45 8.21 7.95 7.69 7.41 7.13 6.84 6.55 6.24 5.94 5.63 5.31 4.99 4.67 4.35 4.02 3.69 3.36 3.03 2.69 2.36 2.02 1.69 1.35 1.01 0.68 0.34 0.00 
20.00 19.85 19.69 19.54 19.39 19.24 19.09 18.93 18.78 18.63 18.48 18.33 18.19 18.04 17.89 17.75 17.60 17.46 17.32 17.18 17.04 16.90 16.76 16.62 16.49 16.36 16.23 16.10 15.97 15.84 15.72 15.59 15.47 15.35 15.23 15.11 15.00 14.88 14.77 14.66 14.55 14.45 14.34 14.24 14.14 14.04 13.94 13.84 13.75 13.65 13.56 13.47 13.38 13.30 13.21 13.13 13.05 12.97 12.89 12.81 12.74 12.66 12.59 12.52 12.45 12.38 12.31 12.25 12.18 12.12 12.05 11.99 11.93 11.87 11.81 11.75 11.69 11.63 11.57 11.51 11.44 11.38 11.31 11.24 11.17 11.10 11.02 10.93 10.84 10.74 10.63 10.51 10.38 10.24 10.10 9.94 9.77 9.58 9.39 9.19 8.97 8.74 8.51 8.26 8.00 7.73 7.45 7.17 6.87 6.57 6.27 5.96 5.64 5.33 5.00 4.68 4.35 4.02 3.69 3.36 3.03 2.69 2.36 2.02 1.69 1.35 1.01 0.68 0.34 0.00 
20.00 19.84 19.69 19.53 19.38 19.22 19.07 18.91 18.76 18.60 18.45 18.30 18.15 18.00 17.85 17.70 17.55 17.41 17.26 17.12 16.98 16.84 16.70 16.56 16.42 16.29 16.15 16.02 15.89 15.76 15.63 15.51 15.38 15.26 15.14 15.02 14.91 14.79 14.68 14.57 14.46 14.35 14.24 14.14 14.03 13.93 13.83 13.74 13.64 13.55 13.46 13.37 13.28 13.19 13.11 13.02 12.94 12.86 12.79 12.71 12.63 12.56 12.49 12.42 12.35 12.28 12.22 12.15 12.09 12.03 11.97 11.91 11.85 11.79 11.74 11.68 11.63 11.57 11.52 11.46 11.40 11.35 11.29 11.23 11.16 11.09 11.02 10.94 10.86 10.76 10.66 10.55 10.43 10.30 10.15 10.00 9.83 9.65 9.46 9.25 9.04 8.81 8.57 8.32 8.06 7.78 7.50 7.21 6.92 6.61 6.30 5.99 5.67 5.34 5.02 4.69 4.36 4.03 3.70 3.37 3.03 2.70 2.36 2.02 1.69 1.35 1.01 0.68 0.34 0.00 
20.00 19.84 19.68 19.52 19.36 19.21 19.05 18.89 18.73 18.58 18.42 18.27 18.11 17.96 17.81 17.65 17.50 17.36 17.21 17.06 16.92 16.77 16.63 16.49 16.35 16.21 16.08 15.94 15.81 15.68 15.55 15.42 15.30 15.17 15.05 14.93 14.81 14.70 14.58 14.47 14.36 14.25 14.14 14.04 13.93 13.83 13.73 13.63 13.54 13.44 13.35 13.26 13.17 13.09 13.00 12.92 12.84 12.76 12.68 12.61 12.53 12.46 12.39 12.32 12.25 12.19 12.12 12.06 12.00 11.94 11.88 11.83 11.77 11.72 11.67 11.62 11.56 11.51 11.46 11.42 11.37 11.32 11.26 11.21 11.16 11.10 11.03 10.96 10.89 10.80 10.71 10.60 10.49 10.36 10.22 10.07 9.90 9.73 9.54 9.33 9.12 8.89 8.64 8.39 8.13 7.85 7.56 7.27 6.96 6.65 6.34 6.02 5.69 5.37 5.04 4.71 4.37 4.04 3.71 3.37 3.04 2.70 2.36 2.03 1.69 1.35 1.01 0.68 0.34 0.00 
20.00 19.84 19.67 19.51 19.35 19.19 19.03 18.87 18.71 18.55 18.39 18.23 18.07 17.92 17.76 17.61 17.45 17.30 17.15 17.00 16.86 16.71 16.56 16.42 16.28 16.14 16.00 15.86 15.73 15.60 15.47 15.34 15.21 15.08 14.96 14.84 14.72 14.60 14.48 14.37 14.26 14.15 14.04 13.93 13.83 13.73 13.63 13.53 13.43 13.34 13.24 13.15 13.07 12.98 12.89 12.81 12.73 12.65 12.58 12.50 12.43 12.36 12.29 12.22 12.15 12.09 12.03 11.97 11.91 11.85 11.80 11.75 11.69 11.64 11.60 11.55 11.50 11.46 11.42 11.37 11.33 11.29 11.24 11.20 11.15 11.10 11.05 10.99 10.93 10.85 10.76 10.67 10.56 10.44 10.30 10.16 9.99 9.82 9.63 9.43 9.21 8.98 8.73 8.48 8.21 7.92 7.63 7.33 7.02 6.70 6.38 6.05 5.72 5.39 5.06 4.72 4.39 4.05 3.71 3.38 3.04 2.70 2.36 2.03 1.69 1.35 1.01 0.68 0.34 0.00 
20.00 19.83 19.67 19.50 19.34 19.17 19.01 18.84 18.68 18.52 18.35 18.19 18.03 17.87 17.72 17.56 17.40 17.25 17.10 16.94 16.79 16.64 16.50 16.35 16.21 16.06 15.92 15.79 15.65 15.51 15.38 15.25 15.12 14.99 14.87 14.74 14.62 14.50 14.38 14.27 14.16 14.04 13.93 13.83 13.72 13.62 13.52 13.42 13.32 13.23 13.14 13.05 12.96 12.87 12.79 12.70 12.62 12.54 12.47 12.39 12.32 12.25 12.18 12.12 12.05 11.99 11.93 11.87 11.82 11.77 11.71 11.66 11.62 11.57 11.53 11.48 11.44 11.40 11.37 11.33 11.29 11.26 11.23 11.19 11.16 11.12 11.08 11.03 10.97 10.91 10.83 10.75 10.64 10.53 10.40 10.26 10.10 9.92 9.74 9.53 9.31 9.08 8.83 8.57 8.30 8.01 7.71 7.40 7.08 6.76 6.43 6.09 5.76 5.42 5.08 4.74 4.40 4.06 3.72 3.38 3.05 2.71 2.37 2.03 1.69 1.35 1.01 0.68 0.34 0.00 
20.00 19.83 19.66 19.49 19.32 19.15 18.99 18.82 18.65 18.49 18.32 18.16 17.99 17.83 17.67 17.51 17.35 17.19 17.04 16.88 16.73 16.58 16.43 16.28 16.13 15.99 15.85 15.70 15.57 15.43 15.29 15.16 15.03 14.90 14.77 14.65 14.52 14.40 14.28 14.17 14.05 13.94 13.83 13.72 13.62 13.51 13.41 13.31 13.21 13.12 13.03 12.94 12.85 12.76 12.68 12.59 12.51 12.44 12.36 12.29 12.22 12.15 12.08 12.02 11.95 11.89 11.84 11.78 11.73 11.68 11.63 11.58 11.54 11.49 11.45 11.42 11.38 11.35 11.32 11.29 11.26 11.23 11.21 11.18 11.16 11.14 11.11 11.07 11.03 10.98 10.92 10.84 10.74 10.63 10.51 10.37 10.22 10.05 9.86 9.66 9.44 9.20 8.95 8.69 8.40 8.11 7.80 7.48 7.15 6.81 6.48 6.13 5.79 5.45 5.10 4.76 4.42 4.07 3.73 3.39 3.05 2.71 2.37 2.03 1.69 1.35 1.01 0.68 0.34 0.00 
20.00 19.83 19.65 19.48 19.31 19.14 18.97 18.80 18.63 18.46 18.29 18.12 17.95 17.79 17.62 17.46 17.30 17.14 16.98 16.82 16.67 16.51 16.36 16.21 16.06 15.91 15.77 15.62 15.48 15.34 15.21 15.07 14.94 14.81 14.68 14.55 14.43 14.30 14.18 14.07 13.95 13.84 13.72 13.62 13.51 13.40 13.30 13.20 13.10 13.01 12.92 12.82 12.74 12.65 12.57 12.48 12.40 12.33 12.25 12.18 12.11 12.04 11.98 11.91 11.85 11.79 11.74 11.68 11.63 11.58 11.54 11.49 11.45 11.42 11.38 11.35 11.32 11.29 11.26 11.24 11.22 11.21 11.19 11.18 11.17 11.16 11.15 11.13 11.10 11.06 11.01 10.94 10.86 10.76 10.64 10.50 10.35 10.18 10.00 9.80 9.58 9.34 9.08 8.81 8.53 8.22 7.90 7.57 7.23 6.88 6.53 6.18 5.83 5.48 5.13 4.78 4.43 4.09 3.74 3.40 3.05 2.71 2.37 2.03 1.69 1.35 1.01 0.68 0.34 0.00 
20.00 19.82 19.65 19.47 19.30 19.12 18.94 18.77 18.60 18.42 18.25 18.08 17.91 17.74 17.57 17.41 17.24 17.08 16.92 16.76 16.60 16.44 16.29 16.13 15.98 15.83 15.69 15.54 15.40 15.25 15.12 14.98 14.84 14.71 14.58 14.45 14.33 14.20 14.08 13.96 13.84 13.73 13.62 13.51 13.40 13.29 13.19 13.09 12.99 12.90 12.80 12.71 12.62 12.54 12.45 12.37 12.29 12.22 12.14 12.07 12.00 11.93 11.87 11.81 11.75 11.69 11.64 11.59 11.54 11.49 11.45 11.41 11.37 11.34 11.30 11.28 11.25 11.23 11.21 11.20 11.19 11.18 11.17 11.17 11.18 11.18 11.19 11.19 11.19 11.16 11.12 11.07 10.99 10.90 10.78 10.65 10.51 10.34 10.16 9.95 9.73 9.49 9.23 8.96 8.66 8.35 8.02 7.67 7.31 6.94 6.58 6.22 5.86 5.50 5.15 4.80 4.45 4.10 3.75 3.40 3.06 2.72 2.37 2.03 1.69 1.35 1.01 0.68 0.34 0.00 
20.00 19.82 19.64 19.46 19.28 19.10 18.92 18.75 18.57 18.39 18.22 18.04 17.87 17.70 17.53 17.36 17.19 17.02 16.86 16.69 16.53 16.37 16.21 16.06 15.91 15.75 15.60 15.46 15.31 15.17 15.02 14.89 14.75 14.61 14.48 14.35 14.22 14.10 13.98 13.86 13.74 13.62 13.51 13.40 13.29 13.18 13.08 12.98 12.88 12.78 12.69 12.60 12.51 12.42 12.34 12.26 12.18 12.10 12.03 11.96 11.89 11.82 11.76 11.70 11.64 11.59 11.54 11.49 11.44 11.40 11.36 11.32 11.29 11.25 11.23 11.20 11.18 11.17 11.16 11.15 11.15 11.15 11.15 11.16 11.18 11.20 11.23 11.27 11.29 11.28 11.26 11.21 11.14 11.05 10.95 10.82 10.68 10.51 10.33 10.13 9.91 9.66 9.40 9.12 8.82 8.50 8.15 7.79 7.39 7.01 6.63 6.26 5.89 5.53 5.17 4.81 4.46 4.11 3.76 3.41 3.06 2.72 2.37 2.03 1.69 1.35 1.01 0.68 0.34 0.00 
20.00 19.82 19.63 19.45 19.27 19.08 18.90 18.72 18.54 18.36 18.18 18.00 17.83 17.65 17.48 17.30 17.13 16.96 16.79 16.63 16.46 16.30 16.14 15.98 15.83 15.67 15.52 15.37 15.22 15.08 14.93 14.79 14.65 14.52 14.38 14.25 14.12 13.99 13.87 13.75 13.63 13.51 13.40 13.29 13.18 13.07 12.97 12.87 12.77 12.67 12.58 12.48 12.40 12.31 12.23 12.14 12.07 11.99 11.92 11.85 11.78 11.71 11.65 11.59 11.54 11.48 11.43 11.38 11.34 11.30 11.26 11.23 11.20 11.17 11.15 11.13 11.11 11.10 11.10 11.10 11.10 11.11 11.13 11.15 11.18 11.22 11.27 11.33 11.37 11.37 11.36 11.32 11.26 11.19 11.09 10.96 10.82 10.66 10.48 10.28 10.05 9.81 9.54 9.26 8.95 8.62 8.26 7.88 7.47 7.07 6.68 6.30 5.92 5.55 5.19 4.83 4.47 4.11 3.76 3.41 3.06 2.72 2.37 2.03 1.69 1.35 1.01 0.68 0.34 0.00 
20.00 19.81 19.62 19.44 19.25 19.06 18.88 18.69 18.51 18.33 18.14 17.96 17.78 17.60 17.43 17.25 17.07 16.90 16.73 16.56 16.39 16.23 16.07 15.90 15.75 15.59 15.43 15.28 15.13 14.98 14.84 14.69 14.55 14.42 14.28 14.15 14.02 13.89 13.76 13.64 13.52 13.40 13.29 13.17 13.06 12.96 12.85 12.75 12.65 12.55 12.46 12.37 12.28 12.19 12.11 12.03 11.95 11.87 11.80 11.73 11.66 11.60 11.54 11.48 11.43 11.37 11.33 11.28 11.24 11.20 11.17 11.13 11.11 11.08 11.06 11.05 11.04 11.04 11.04 11.04 11.05 11.07 11.10 11.13 11.17 11.23 11.29 11.37 11.42 11.44 11.44 11.41 11.36 11.29 11.19 11.08 10.94 10.78 10.60 10.40 10.17 9.93 9.66 9.37 9.05 8.71 8.35 7.96 7.53 7.12 6.72 6.33 5.95 5.57 5.20 4.84 4.47 4.12 3.76 3.41 3.06 2.72 2.37 2.03 1.69 1.35 1.01 0.67 0.34 0.00 
20.00 19.81 19.62 19.43 19.24 19.04 18.86 18.67 18.48 18.29 18.10 17.92 17.74 17.55 17.37 17.19 17.02 16.84 16.67 16.49 16.32 16.16 15.99 15.83 15.66 15.50 15.35 15.19 15.04 14.89 14.74 14.60 14.45 14.31 14.18 14.04 13.91 13.78 13.65 13.53 13.41 13.29 13.17 13.06 12.95 12.84 12.74 12.63 12.53 12.44 12.34 12.25 12.16 12.07 11.99 11.91 11.83 11.76 11.68 11.62 11.55 11.49 11.43 11.37 11.32 11.27 11.22 11.17 11.13 11.10 11.07 11.04 11.01 10.99 10.98 10.97 10.96 10.96 10.97 10.98 11.00 11.03 11.06 11.10 11.16 11.22 11.30 11.39 11.45 11.49 11.49 11.48 11.43 11.37 11.28 11.17 11.03 10.88 10.70 10.49 10.27 10.02 9.75 9.46 9.14 8.79 8.42 8.01 7.58 7.16 6.75 6.36 5.97 5.59 5.21 4.84 4.48 4.12 3.76 3.41 3.06 2.71 2.37 2.03 1.69 1.35 1.01 0.67 0.34 0.00 
20.00 19.80 19.61 19.41 19.22 19.03 18.83 18.64 18.45 18.26 18.07 17.88 17.69 17.50 17.32 17.14 16.96 16.78 16.60 16.42 16.25 16.08 15.91 15.74 15.58 15.42 15.26 15.10 14.95 14.79 14.64 14.50 14.35 14.21 14.07 13.94 13.80 13.67 13.54 13.42 13.29 13.17 13.06 12.94 12.83 12.72 12.62 12.51 12.41 12.32 12.22 12.13 12.04 11.95 11.87 11.79 11.71 11.64 11.57 11.50 11.43 11.37 11.31 11.25 11.20 11.15 11.11 11.07 11.03 10.99 10.96 10.94 10.92 10.90 10.89 10.88 10.88 10.89 10.90 10.91 10.94 10.97 11.01 11.07 11.13 11.20 11.29 11.39 11.47 11.51 11.53 11.52 11.48 11.42 11.34 11.23 11.10 10.94 10.77 10.57 10.34 10.09 9.82 9.52 9.20 8.85 8.47 8.06 7.62 7.19 6.78 6.37 5.98 5.59 5.21 4.84 4.48 4.12 3.76 3.41 3.06 2.71 2.37 2.02 1.68 1.35 1.01 0.67 0.34 0.00 
20.00 19.80 19.60 19.40 19.20 19.00 18.81 18.61 18.41 18.22 18.03 17.83 17.64 17.45 17.26 17.08 16.89 16.71 16.53 16.35 16.18 16.00 15.83 15.66 15.49 15.33 15.17 15.01 14.85 14.70 14.54 14.40 14.25 14.11 13.96 13.83 13.69 13.56 13.43 13.30 13.18 13.06 12.94 12.82 12.71 12.60 12.50 12.39 12.29 12.19 12.10 12.01 11.92 11.83 11.75 11.67 11.59 11.52 11.44 11.38 11.31 11.25 11.19 11.14 11.09 11.04 10.99 10.95 10.92 10.89 10.86 10.83 10.82 10.80 10.79 10.79 10.79 10.80 10.82 10.84 10.87 10.91 10.96 11.02 11.09 11.17 11.27 11.38 11.46 11.52 11.54 11.54 11.51 11.45 11.37 11.27 11.14 10.99 10.81 10.61 10.39 10.14 9.86 9.56 9.24 8.88 8.50 8.08 7.64 7.21 6.79 6.38 5.98 5.59 5.21 4.84 4.47 4.11 3.75 3.40 3.05 2.70 2.36 2.02 1.68 1.34 1.00 0.67 0.33 0.00 
20.00 19.80 19.59 19.39 19.19 18.98 18.78 18.58 18.38 18.18 17.98 17.79 17.59 17.40 17.21 17.02 16.83 16.65 16.46 16.28 16.10 15.92 15.75 15.58 15.41 15.24 15.07 14.91 14.75 14.60 14.44 14.29 14.14 14.00 13.86 13.72 13.58 13.45 13.31 13.19 13.06 12.94 12.82 12.70 12.59 12.48 12.37 12.27 12.17 12.07 11.97 11.88 11.79 11.71 11.62 11.54 11.47 11.39 11.32 11.25 11.19 11.13 11.07 11.02 10.97 10.92 10.88 10.84 10.81 10.77 10.75 10.73 10.71 10.70 10.69 10.69 10.70 10.71 10.73 10.76 10.80 10.84 10.90 10.96 11.04 11.13 11.23 11.35 11.44 11.50 11.53 11.54 11.51 11.46 11.39 11.29 11.16 11.01 10.84 10.64 10.41 10.16 9.89 9.59 9.26 8.90 8.51 8.09 7.64 7.21 6.79 6.38 5.98 5.59 5.20 4.83 4.46 4.10 3.74 3.39 3.04 2.69 2.35 2.01 1.67 1.34 1.00 0.67 0.33 0.00 
20.00 19.79 19.58 19.38 19.17 18.96 18.76 18.55 18.35 18.14 17.94 17.74 17.54 17.35 17.15 16.96 16.77 16.58 16.39 16.20 16.02 15.84 15.66 15.49 15.32 15.15 14.98 14.82 14.65 14.49 14.34 14.19 14.04 13.89 13.74 13.60 13.46 13.33 13.20 13.07 12.94 12.82 12.70 12.58 12.47 12.36 12.25 12.14 12.04 11.94 11.85 11.76 11.67 11.58 11.50 11.42 11.34 11.27 11.20 11.13 11.07 11.01 10.95 10.90 10.85 10.80 10.76 10.72 10.69 10.66 10.64 10.62 10.60 10.59 10.59 10.59 10.60 10.62 10.64 10.67 10.71 10.76 10.82 10.89 10.98 11.07 11.18 11.31 11.40 11.47 11.51 11.51 11.49 11.45 11.38 11.28 11.16 11.01 10.84 10.64 10.41 10.17 9.89 9.59 9.26 8.90 8.51 8.09 7.64 7.20 6.78 6.36 5.96 5.57 5.19 4.81 4.44 4.08 3.72 3.37 3.02 2.68 2.34 2.00 1.66 1.33 0.99 0.66 0.33 0.00 
20.00 19.79 19.57 19.36 19.15 18.94 18.73 18.52 18.31 18.10 17.90 17.69 17.49 17.29 17.09 16.90 16.70 16.51 16.32 16.13 15.94 15.76 15.58 15.40 15.22 15.05 14.88 14.72 14.55 14.39 14.23 14.08 13.93 13.78 13.63 13.49 13.35 13.21 13.08 12.95 12.82 12.70 12.58 12.46 12.34 12.23 12.12 12.02 11.91 11.82 11.72 11.63 11.54 11.45 11.37 11.29 11.21 11.14 11.07 11.00 10.94 10.88 10.82 10.77 10.72 10.68 10.64 10.60 10.57 10.54 10.52 10.50 10.49 10.48 10.48 10.49 10.50 10.52 10.54 10.58 10.62 10.68 10.74 10.81 10.90 11.00 11.12 11.25 11.35 11.42 11.46 11.47 11.46 11.41 11.34 11.25 11.13 10.98 10.81 10.62 10.40 10.15 9.87 9.57 9.24 8.88 8.49 8.07 7.62 7.18 6.75 6.34 5.94 5.55 5.17 4.79 4.42 4.06 3.70 3.35 3.01 2.66 2.32 1.99 1.65 1.32 0.99 0.66 0.33 0.00 
20.00 19.78 19.57 19.35 19.13 18.92 18.70 18.49 18.28 18.06 17.85 17.65 17.44 17.23 17.03 16.83 16.63 16.44 16.24 16.05 15.86 15.67 15.49 15.31 15.13 14.96 14.78 14.61 14.45 14.28 14.12 13.97 13.81 13.66 13.51 13.37 13.23 13.09 12.96 12.82 12.70 12.57 12.45 12.33 12.21 12.10 11.99 11.89 11.78 11.68 11.59 11.50 11.41 11.32 11.24 11.16 11.08 11.01 10.94 10.87 10.81 10.75 10.69 10.64 10.60 10.55 10.51 10.48 10.45 10.42 10.40 10.38 10.37 10.37 10.37 10.37 10.39 10.41 10.44 10.48 10.52 10.58 10.64 10.72 10.81 10.92 11.04 11.17 11.28 11.35 11.39 11.41 11.40 11.36 11.29 11.20 11.08 10.94 10.77 10.58 10.35 10.11 9.83 9.53 9.20 8.84 8.46 8.04 7.58 7.15 6.72 6.31 5.91 5.52 5.14 4.76 4.39 4.03 3.68 3.33 2.99 2.65 2.31 1.97 1.64 1.31 0.98 0.65 0.33 0.00 
20.00 19.78 19.56 19.33 19.11 18.89 18.67 18.46 18.24 18.02 17.81 17.60 17.39 17.18 16.97 16.76 16.56 16.36 16.16 15.97 15.78 15.59 15.40 15.22 15.03 14.86 14.68 14.51 14.34 14.18 14.01 13.85 13.70 13.55 13.40 13.25 13.11 12.97 12.83 12.70 12.57 12.44 12.32 12.20 12.08 11.97 11.86 11.76 11.65 11.55 11.46 11.36 11.27 11.19 11.10 11.02 10.95 10.87 10.80 10.74 10.68 10.62 10.56 10.51 10.47 10.42 10.38 10.35 10.32 10.29 10.27 10.26 10.25 10.24 10.25 10.26 10.27 10.29 10.32 10.36 10.41 10.47 10.54 10.62 10.71 10.82 10.94 11.08 11.19 11.26 11.31 11.33 11.32 11.28 11.22 11.13 11.01 10.87 10.70 10.51 10.29 10.05 9.78 9.48 9.15 8.79 8.40 7.99 7.53 7.10 6.68 6.27 5.87 5.48 5.10 4.73 4.36 4.00 3.65 3.30 2.96 2.62 2.29 1.96 1.63 1.30 0.97 0.65 0.32 0.00 
20.00 19.77 19.55 19.32 19.09 18.87 18.65 18.42 18.20 17.98 17.76 17.54 17.33 17.12 16.90 16.70 16.49 16.29 16.08 15.89 15.69 15.50 15.31 15.12 14.94 14.75 14.58 14.40 14.23 14.06 13.90 13.74 13.58 13.43 13.28 13.13 12.98 12.84 12.70 12.57 12.44 12.31 12.19 12.07 11.95 11.84 11.73 11.62 11.52 11.42 11.32 11.23 11.14 11.05 10.97 10.89 10.81 10.74 10.67 10.60 10.54 10.48 10.43 10.38 10.33 10.29 10.25 10.22 10.19 10.16 10.14 10.13 10.12 10.12 10.12 10.13 10.15 10.17 10.20 10.24 10.29 10.35 10.42 10.51 10.60 10.71 10.83 10.97 11.08 11.16 11.21 11.23 11.22 11.18 11.12 11.03 10.92 10.78 10.62 10.43 10.21 9.97 9.70 9.40 9.08 8.72 8.34 7.92 7.47 7.04 6.62 6.21 5.81 5.43 5.05 4.68 4.32 3.97 3.62 3.27 2.93 2.60 2.27 1.94 1.61 1.29 0.96 0.64 0.32 0.00 
20.00 19.77 19.54 19.31 19.07 18.84 18.62 18.39 18.16 17.94 17.71 17.49 17.27 17.05 16.84 16.63 16.42 16.21 16.00 15.80 15.60 15.40 15.21 15.02 14.83 14.65 14.47 14.29 14.12 13.95 13.78 13.62 13.46 13.30 13.15 13.00 12.86 12.71 12.58 12.44 12.31 12.18 12.06 11.93 11.82 11.70 11.59 11.48 11.38 11.28 11.18 11.09 11.00 10.91 10.83 10.75 10.67 10.60 10.53 10.47 10.40 10.35 10.29 10.24 10.20 10.15 10.12 10.08 10.05 10.03 10.01 10.00 9.99 9.99 9.99 10.00 10.02 10.04 10.07 10.12 10.17 10.23 10.30 10.38 10.48 10.58 10.71 10.85 10.96 11.04 11.08 11.10 11.10 11.06 11.00 10.92 10.81 10.67 10.51 10.32 10.11 9.87 9.60 9.31 8.98 8.63 8.25 7.84 7.39 6.96 6.55 6.14 5.75 5.37 5.00 4.63 4.27 3.92 3.58 3.24 2.90 2.57 2.24 1.92 1.59 1.27 0.95 0.63 0.32 0.00 
20.00 19.76 19.53 19.29 19.05 18.82 18.58 18.35 18.12 17.89 17.66 17.44 17.21 16.99 16.77 16.55 16.34 16.13 15.92 15.71 15.51 15.31 15.11 14.92 14.73 14.54 14.36 14.18 14.01 13.83 13.66 13.50 13.34 13.18 13.02 12.87 12.73 12.58 12.44 12.31 12.17 12.04 11.92 11.80 11.68 11.56 11.45 11.34 11.24 11.14 11.04 10.95 10.86 10.77 10.69 10.61 10.53 10.46 10.39 10.32 10.26 10.21 10.15 10.10 10.06 10.01 9.98 9.94 9.92 9.89 9.87 9.86 9.85 9.85 9.85 9.86 9.88 9.91 9.94 9.98 10.03 10.09 10.16 10.24 10.34 10.45 10.57 10.71 10.82 10.89 10.94 10.96 10.96 10.93 10.87 10.78 10.67 10.54 10.38 10.19 9.98 9.74 9.48 9.19 8.87 8.53 8.15 7.74 7.30 6.88 6.47 6.07 5.68 5.30 4.93 4.57 4.22 3.87 3.53 3.20 2.87 2.54 2.21 1.89 1.57 1.26 0.94 0.63 0.31 0.00 
20.00 19.76 19.52 19.27 19.03 18.79 18.55 18.31 18.08 17.84 17.61 17.38 17.15 16.92 16.70 16.48 16.26 16.04 15.83 15.62 15.42 15.21 15.01 14.82 14.62 14.43 14.25 14.07 13.89 13.71 13.54 13.37 13.21 13.05 12.90 12.74 12.59 12.45 12.31 12.17 12.04 11.91 11.78 11.66 11.54 11.42 11.31 11.20 11.10 11.00 10.90 10.80 10.71 10.63 10.54 10.46 10.39 10.31 10.25 10.18 10.12 10.06 10.01 9.96 9.91 9.87 9.83 9.80 9.77 9.75 9.73 9.72 9.71 9.71 9.71 9.72 9.74 9.76 9.79 9.83 9.88 9.94 10.01 10.09 10.19 10.29 10.41 10.55 10.66 10.73 10.78 10.80 10.80 10.76 10.71 10.62 10.51 10.38 10.22 10.04 9.83 9.60 9.34 9.06 8.74 8.40 8.03 7.63 7.20 6.78 6.37 5.98 5.60 5.23 4.86 4.51 4.16 3.82 3.48 3.15 2.83 2.50 2.18 1.87 1.55 1.24 0.93 0.62 0.31 0.00 
20.00 19.75 19.50 19.26 19.01 18.76 18.52 18.28 18.03 17.79 17.56 17.32 17.09 16.86 16.63 16.40 16.18 15.96 15.74 15.53 15.32 15.11 14.91 14.71 14.51 14.32 14.13 13.95 13.77 13.59 13.42 13.25 13.08 12.92 12.76 12.61 12.46 12.31 12.17 12.03 11.90 11.77 11.64 11.51 11.39 11.28 11.17 11.06 10.95 10.85 10.75 10.66 10.57 10.48 10.40 10.32 10.24 10.17 10.10 10.03 9.97 9.92 9.86 9.81 9.77 9.73 9.69 9.66 9.63 9.60 9.58 9.57 9.56 9.56 9.56 9.57 9.59 9.61 9.64 9.68 9.73 9.79 9.85 9.93 10.02 10.12 10.24 10.38 10.48 10.56 10.60 10.62 10.61 10.58 10.52 10.44 10.33 10.20 10.05 9.87 9.67 9.44 9.18 8.90 8.60 8.26 7.90 7.50 7.08 6.67 6.27 5.88 5.51 5.14 4.79 4.44 4.10 3.76 3.43 3.10 2.78 2.47 2.15 1.84 1.53 1.22 0.91 0.61 0.30 0.00 
20.00 19.75 19.49 19.24 18.99 18.74 18.49 18.24 17.99 17.74 17.50 17.26 17.02 16.79 16.55 16.32 16.09 15.87 15.65 15.43 15.22 15.01 14.80 14.60 14.40 14.20 14.01 13.83 13.64 13.46 13.29 13.12 12.95 12.79 12.63 12.47 12.32 12.17 12.03 11.89 11.75 11.62 11.49 11.37 11.25 11.13 11.02 10.91 10.80 10.70 10.60 10.51 10.42 10.33 10.25 10.17 10.09 10.02 9.95 9.88 9.82 9.77 9.71 9.66 9.62 9.58 9.54 9.51 9.48 9.45 9.43 9.42 9.41 9.41 9.41 9.42 9.43 9.45 9.48 9.52 9.56 9.62 9.68 9.76 9.84 9.94 10.06 10.19 10.29 10.36 10.40 10.42 10.41 10.38 10.32 10.24 10.13 10.00 9.85 9.67 9.47 9.25 9.00 8.73 8.43 8.10 7.75 7.36 6.94 6.54 6.15 5.78 5.41 5.05 4.70 4.36 4.03 3.70 3.37 3.05 2.74 2.42 2.12 1.81 1.50 1.20 0.90 0.60 0.30 0.00 
20.00 19.74 19.48 19.22 18.96 18.71 18.45 18.20 17.94 17.69 17.44 17.20 16.95 16.71 16.47 16.24 16.01 15.78 15.55 15.33 15.11 14.90 14.69 14.49 14.28 14.08 13.89 13.70 13.52 13.33 13.16 12.98 12.81 12.65 12.49 12.33 12.18 12.03 11.88 11.74 11.61 11.47 11.35 11.22 11.10 10.98 10.87 10.76 10.65 10.55 10.45 10.36 10.27 10.18 10.10 10.02 9.94 9.87 9.80 9.73 9.67 9.61 9.56 9.51 9.46 9.42 9.39 9.35 9.32 9.30 9.28 9.26 9.26 9.25 9.25 9.26 9.27 9.29 9.32 9.35 9.39 9.44 9.50 9.57 9.65 9.75 9.86 9.98 10.08 10.14 10.18 10.20 10.18 10.15 10.09 10.01 9.90 9.78 9.63 9.46 9.26 9.04 8.80 8.53 8.24 7.92 7.58 7.20 6.79 6.40 6.02 5.66 5.30 4.95 4.61 4.28 3.95 3.63 3.31 3.00 2.69 2.38 2.08 1.78 1.48 1.18 0.88 0.59 0.29 0.00 
20.00 19.73 19.47 19.20 18.94 18.67 18.41 18.15 17.89 17.64 17.38 17.13 16.88 16.64 16.39 16.15 15.92 15.68 15.46 15.23 15.01 14.79 14.58 14.37 14.16 13.96 13.77 13.57 13.38 13.20 13.02 12.85 12.67 12.51 12.35 12.19 12.03 11.88 11.74 11.60 11.46 11.32 11.19 11.07 10.95 10.83 10.72 10.61 10.50 10.40 10.30 10.20 10.11 10.02 9.94 9.86 9.78 9.71 9.64 9.58 9.52 9.46 9.40 9.35 9.31 9.27 9.23 9.20 9.17 9.14 9.12 9.11 9.09 9.09 9.09 9.09 9.10 9.12 9.15 9.18 9.21 9.26 9.31 9.38 9.45 9.54 9.64 9.76 9.85 9.91 9.94 9.95 9.93 9.90 9.84 9.76 9.65 9.53 9.38 9.21 9.02 8.81 8.57 8.31 8.03 7.72 7.39 7.02 6.63 6.25 5.88 5.53 5.18 4.84 4.51 4.19 3.87 3.55 3.24 2.94 2.63 2.33 2.04 1.74 1.45 1.16 0.87 0.58 0.29 0.00 
20.00 19.73 19.46 19.18 18.91 18.64 18.37 18.11 17.84 17.58 17.32 17.06 16.81 16.56 16.31 16.06 15.82 15.59 15.35 15.12 14.90 14.68 14.46 14.25 14.04 13.83 13.64 13.44 13.25 13.06 12.88 12.70 12.53 12.36 12.20 12.04 11.88 11.73 11.59 11.44 11.30 11.17 11.04 10.91 10.79 10.67 10.56 10.45 10.34 10.24 10.14 10.05 9.95 9.87 9.78 9.70 9.63 9.55 9.48 9.42 9.36 9.30 9.25 9.20 9.15 9.11 9.07 9.04 9.01 8.98 8.96 8.94 8.93 8.92 8.92 8.92 8.93 8.95 8.97 8.99 9.03 9.07 9.12 9.17 9.24 9.32 9.41 9.52 9.60 9.65 9.67 9.68 9.66 9.62 9.56 9.48 9.37 9.25 9.11 8.94 8.76 8.55 8.32 8.07 7.80 7.50 7.18 6.83 6.45 6.09 5.73 5.39 5.06 4.73 4.41 4.09 3.78 3.48 3.17 2.87 2.58 2.29 1.99 1.71 1.42 1.13 0.85 0.57 0.28 0.00 
20.00 19.72 19.44 19.16 18.89 18.61 18.33 18.06 17.79 17.52 17.26 16.99 16.73 16.48 16.22 15.97 15.73 15.49 15.25 15.01 14.78 14.56 14.34 14.12 13.91 13.70 13.50 13.30 13.11 12.92 12.74 12.56 12.38 12.21 12.05 11.89 11.73 11.58 11.43 11.29 11.15 11.01 10.88 10.76 10.63 10.51 10.40 10.29 10.18 10.08 9.98 9.89 9.79 9.71 9.62 9.54 9.47 9.39 9.32 9.26 9.20 9.14 9.08 9.03 8.99 8.95 8.91 8.87 8.84 8.81 8.79 8.77 8.76 8.75 8.75 8.75 8.76 8.77 8.78 8.81 8.83 8.87 8.91 8.96 9.02 9.09 9.16 9.26 9.32 9.36 9.38 9.38 9.36 9.32 9.25 9.17 9.07 8.95 8.81 8.65 8.47 8.27 8.05 7.81 7.54 7.26 6.95 6.62 6.26 5.91 5.58 5.25 4.93 4.61 4.30 3.99 3.69 3.39 3.10 2.81 2.52 2.23 1.95 1.67 1.39 1.11 0.83 0.55 0.28 0.00 
20.00 19.71 19.43 19.14 18.86 18.57 18.29 18.01 17.74 17.46 17.19 16.92 16.65 16.39 16.13 15.88 15.63 15.38 15.14 14.90 14.67 14.44 14.21 13.99 13.78 13.57 13.36 13.16 12.97 12.78 12.59 12.41 12.23 12.06 11.90 11.73 11.58 11.42 11.27 11.13 10.99 10.85 10.72 10.59 10.47 10.35 10.24 10.13 10.02 9.92 9.82 9.72 9.63 9.54 9.46 9.38 9.30 9.23 9.16 9.09 9.03 8.97 8.92 8.87 8.82 8.78 8.74 8.71 8.67 8.65 8.62 8.60 8.59 8.58 8.57 8.57 8.57 8.58 8.59 8.61 8.64 8.66 8.70 8.74 8.79 8.84 8.90 8.98 9.03 9.06 9.07 9.06 9.03 8.98 8.92 8.84 8.74 8.62 8.48 8.32 8.15 7.96 7.74 7.51 7.26 6.99 6.70 6.39 6.05 5.73 5.41 5.10 4.79 4.48 4.19 3.89 3.60 3.31 3.02 2.74 2.46 2.18 1.90 1.63 1.36 1.08 0.81 0.54 0.27 0.00 
20.00 19.71 19.41 19.12 18.83 18.54 18.25 17.96 17.68 17.40 17.12 16.84 16.57 16.30 16.04 15.78 15.52 15.27 15.02 14.78 14.54 14.31 14.08 13.86 13.64 13.43 13.22 13.02 12.82 12.63 12.44 12.26 12.08 11.91 11.74 11.57 11.42 11.26 11.11 10.97 10.83 10.69 10.56 10.43 10.31 10.19 10.07 9.96 9.85 9.75 9.65 9.56 9.46 9.38 9.29 9.21 9.14 9.06 8.99 8.93 8.87 8.81 8.75 8.70 8.65 8.61 8.57 8.54 8.50 8.47 8.45 8.43 8.41 8.40 8.39 8.39 8.39 8.39 8.40 8.41 8.43 8.45 8.48 8.51 8.55 8.59 8.63 8.68 8.71 8.72 8.72 8.71 8.67 8.62 8.56 8.47 8.37 8.26 8.12 7.97 7.80 7.61 7.41 7.19 6.95 6.70 6.43 6.14 5.84 5.54 5.24 4.94 4.65 4.36 4.07 3.78 3.50 3.22 2.94 2.67 2.40 2.13 1.86 1.59 1.32 1.06 0.79 0.53 0.26 0.00 
20.00 19.70 19.40 19.10 18.80 18.50 18.20 17.91 17.62 17.33 17.05 16.76 16.49 16.21 15.94 15.68 15.41 15.16 14.91 14.66 14.42 14.18 13.95 13.72 13.50 13.29 13.08 12.87 12.67 12.47 12.28 12.10 11.92 11.75 11.58 11.41 11.25 11.10 10.95 10.80 10.66 10.52 10.39 10.26 10.14 10.02 9.90 9.79 9.68 9.58 9.48 9.39 9.29 9.21 9.12 9.04 8.97 8.89 8.82 8.76 8.70 8.64 8.58 8.53 8.48 8.44 8.40 8.36 8.33 8.30 8.27 8.25 8.23 8.22 8.21 8.20 8.20 8.20 8.20 8.21 8.22 8.24 8.26 8.28 8.31 8.33 8.36 8.39 8.40 8.41 8.40 8.37 8.34 8.28 8.21 8.13 8.03 7.91 7.78 7.63 7.47 7.29 7.10 6.89 6.66 6.42 6.17 5.90 5.62 5.34 5.06 4.78 4.50 4.22 3.95 3.67 3.40 3.13 2.86 2.60 2.33 2.07 1.81 1.55 1.29 1.03 0.77 0.51 0.26 0.00 
20.00 19.69 19.38 19.07 18.77 18.46 18.16 17.86 17.56 17.26 16.97 16.68 16.40 16.12 15.84 15.57 15.30 15.04 14.78 14.53 14.29 14.05 13.81 13.58 13.36 13.14 12.92 12.72 12.51 12.32 12.12 11.94 11.76 11.58 11.41 11.24 11.08 10.93 10.78 10.63 10.49 10.35 10.22 10.09 9.96 9.85 9.73 9.62 9.51 9.41 9.31 9.21 9.12 9.03 8.95 8.87 8.79 8.72 8.65 8.59 8.52 8.46 8.41 8.36 8.31 8.27 8.22 8.19 8.15 8.12 8.09 8.07 8.05 8.03 8.02 8.01 8.01 8.00 8.00 8.01 8.01 8.02 8.04 8.05 8.07 8.08 8.10 8.11 8.11 8.10 8.08 8.05 8.01 7.96 7.88 7.80 7.70 7.59 7.46 7.32 7.16 6.99 6.80 6.60 6.39 6.16 5.92 5.67 5.41 5.15 4.89 4.62 4.36 4.09 3.83 3.56 3.30 3.04 2.78 2.52 2.27 2.01 1.76 1.51 1.25 1.00 0.75 0.50 0.25 0.00 
20.00 19.68 19.36 19.05 18.73 18.42 18.11 17.80 17.49 17.19 16.89 16.59 16.30 16.02 15.73 15.46 15.18 14.92 14.66 14.40 14.15 13.91 13.67 13.43 13.21 12.98 12.77 12.56 12.35 12.15 11.96 11.77 11.59 11.41 11.24 11.07 10.91 10.75 10.60 10.45 10.31 10.17 10.04 9.91 9.79 9.67 9.55 9.44 9.34 9.23 9.13 9.04 8.95 8.86 8.77 8.69 8.62 8.55 8.48 8.41 8.35 8.29 8.23 8.18 8.13 8.09 8.05 8.01 7.97 7.94 7.91 7.89 7.87 7.85 7.83 7.82 7.81 7.80 7.80 7.80 7.80 7.81 7.81 7.82 7.82 7.83 7.83 7.83 7.83 7.81 7.79 7.75 7.70 7.64 7.57 7.49 7.39 7.28 7.15 7.01 6.86 6.70 6.52 6.33 6.12 5.91 5.68 5.45 5.21 4.96 4.71 4.46 4.21 3.96 3.70 3.45 3.20 2.95 2.70 2.45 2.20 1.95 1.71 1.46 1.22 0.97 0.73 0.49 0.24 0.00 
20.00 19.67 19.35 19.02 18.70 18.37 18.05 17.74 17.42 17.11 16.81 16.50 16.21 15.91 15.62 15.34 15.06 14.79 14.52 14.26 14.01 13.76 13.52 13.28 13.05 12.82 12.61 12.39 12.19 11.99 11.79 11.60 11.42 11.24 11.06 10.90 10.73 10.58 10.42 10.28 10.13 10.00 9.86 9.73 9.61 9.49 9.37 9.26 9.16 9.05 8.95 8.86 8.77 8.68 8.60 8.52 8.44 8.37 8.30 8.23 8.17 8.11 8.06 8.00 7.95 7.91 7.87 7.83 7.79 7.76 7.73 7.70 7.68 7.66 7.64 7.63 7.61 7.60 7.60 7.59 7.59 7.59 7.58 7.58 7.58 7.58 7.58 7.57 7.55 7.53 7.50 7.46 7.41 7.34 7.27 7.19 7.09 6.98 6.86 6.72 6.58 6.42 6.25 6.07 5.87 5.67 5.46 5.24 5.01 4.78 4.54 4.30 4.06 3.82 3.58 3.34 3.10 2.86 2.61 2.37 2.13 1.90 1.66 1.42 1.18 0.95 0.71 0.47 0.24 0.00 
20.00 19.66 19.33 18.99 18.66 18.33 18.00 17.67 17.35 17.03 16.72 16.41 16.10 15.80 15.51 15.22 14.94 14.66 14.39 14.12 13.86 13.61 13.36 13.12 12.89 12.66 12.44 12.22 12.01 11.81 11.61 11.42 11.24 11.06 10.88 10.72 10.55 10.39 10.24 10.09 9.95 9.81 9.68 9.55 9.43 9.31 9.19 9.08 8.97 8.87 8.77 8.68 8.59 8.50 8.42 8.34 8.26 8.19 8.12 8.05 7.99 7.93 7.87 7.82 7.77 7.73 7.68 7.64 7.61 7.57 7.54 7.51 7.49 7.47 7.45 7.43 7.41 7.40 7.39 7.38 7.37 7.37 7.36 7.35 7.35 7.34 7.32 7.31 7.29 7.26 7.22 7.18 7.12 7.06 6.98 6.90 6.80 6.69 6.57 6.44 6.30 6.15 5.99 5.82 5.63 5.44 5.24 5.03 4.82 4.60 4.37 4.15 3.92 3.69 3.46 3.23 2.99 2.76 2.53 2.30 2.07 1.84 1.61 1.38 1.15 0.92 0.69 0.46 0.23 0.00 
20.00 19.65 19.31 18.96 18.62 18.28 17.94 17.61 17.28 16.95 16.63 16.31 16.00 15.69 15.39 15.09 14.80 14.52 14.24 13.97 13.71 13.45 13.20 12.96 12.72 12.49 12.27 12.05 11.84 11.63 11.43 11.24 11.05 10.87 10.70 10.53 10.37 10.21 10.05 9.91 9.76 9.63 9.49 9.36 9.24 9.12 9.01 8.89 8.79 8.69 8.59 8.49 8.40 8.31 8.23 8.15 8.08 8.00 7.93 7.87 7.81 7.75 7.69 7.64 7.59 7.54 7.50 7.46 7.42 7.39 7.35 7.32 7.30 7.27 7.25 7.23 7.21 7.20 7.18 7.17 7.16 7.15 7.13 7.12 7.11 7.09 7.08 7.05 7.03 6.99 6.95 6.90 6.85 6.78 6.71 6.62 6.53 6.42 6.31 6.18 6.04 5.90 5.74 5.58 5.40 5.22 5.03 4.83 4.63 4.42 4.21 3.99 3.78 3.56 3.34 3.11 2.89 2.67 2.45 2.22 2.00 1.78 1.55 1.33 1.11 0.89 0.67 0.44 0.22 0.00 
20.00 19.64 19.29 18.93 18.58 18.23 17.88 17.54 17.20 16.86 16.53 16.20 15.88 15.57 15.26 14.96 14.66 14.37 14.09 13.82 13.55 13.29 13.03 12.79 12.55 12.31 12.09 11.87 11.65 11.45 11.25 11.05 10.87 10.68 10.51 10.34 10.18 10.02 9.86 9.71 9.57 9.43 9.30 9.17 9.05 8.93 8.81 8.70 8.60 8.50 8.40 8.30 8.21 8.13 8.04 7.97 7.89 7.82 7.75 7.68 7.62 7.56 7.51 7.45 7.40 7.36 7.31 7.27 7.23 7.20 7.16 7.13 7.10 7.08 7.05 7.03 7.01 6.99 6.98 6.96 6.94 6.93 6.91 6.90 6.88 6.86 6.83 6.81 6.77 6.74 6.69 6.64 6.58 6.52 6.44 6.36 6.26 6.16 6.05 5.92 5.79 5.65 5.50 5.35 5.18 5.01 4.83 4.64 4.45 4.25 4.05 3.84 3.64 3.43 3.21 3.00 2.79 2.58 2.36 2.15 1.93 1.72 1.50 1.29 1.07 0.86 0.64 0.43 0.21 0.00 
20.00 19.63 19.27 18.90 18.54 18.18 17.82 17.46 17.11 16.77 16.43 16.09 15.77 15.44 15.13 14.82 14.52 14.22 13.94 13.66 13.38 13.12 12.86 12.61 12.37 12.13 11.90 11.68 11.47 11.26 11.06 10.86 10.67 10.49 10.31 10.14 9.98 9.82 9.67 9.52 9.38 9.24 9.11 8.98 8.85 8.74 8.62 8.51 8.41 8.30 8.21 8.11 8.02 7.94 7.85 7.78 7.70 7.63 7.56 7.49 7.43 7.37 7.32 7.26 7.21 7.17 7.12 7.08 7.04 7.01 6.97 6.94 6.91 6.88 6.86 6.83 6.81 6.79 6.77 6.75 6.73 6.71 6.69 6.67 6.65 6.62 6.59 6.56 6.53 6.49 6.44 6.39 6.33 6.26 6.18 6.10 6.01 5.91 5.80 5.68 5.55 5.42 5.28 5.13 4.97 4.80 4.63 4.45 4.27 4.08 3.89 3.69 3.50 3.30 3.10 2.89 2.69 2.48 2.28 2.07 1.86 1.66 1.45 1.24 1.04 0.83 0.62 0.41 0.21 0.00 
20.00 19.62 19.24 18.87 18.49 18.12 17.75 17.39 17.03 16.67 16.32 15.98 15.64 15.31 14.99 14.67 14.37 14.07 13.77 13.49 13.21 12.94 12.68 12.43 12.18 11.94 11.71 11.49 11.27 11.06 10.86 10.66 10.47 10.29 10.11 9.94 9.78 9.62 9.47 9.32 9.18 9.04 8.91 8.78 8.66 8.54 8.42 8.31 8.21 8.11 8.01 7.92 7.83 7.74 7.66 7.58 7.51 7.44 7.37 7.30 7.24 7.18 7.13 7.07 7.02 6.98 6.93 6.89 6.85 6.81 6.78 6.74 6.71 6.68 6.66 6.63 6.61 6.58 6.56 6.54 6.52 6.49 6.47 6.45 6.42 6.39 6.36 6.33 6.29 6.24 6.19 6.14 6.08 6.01 5.94 5.85 5.76 5.66 5.56 5.44 5.32 5.19 5.06 4.91 4.76 4.60 4.44 4.27 4.10 3.92 3.74 3.55 3.36 3.17 2.98 2.78 2.59 2.39 2.19 2.00 1.80 1.60 1.40 1.20 1.00 0.80 0.60 0.40 0.20 0.00 
20.00 19.61 19.22 18.83 18.44 18.06 17.68 17.30 16.93 16.57 16.21 15.86 15.51 15.17 14.84 14.52 14.21 13.90 13.60 13.31 13.03 12.76 12.49 12.24 11.99 11.75 11.51 11.29 11.07 10.86 10.65 10.46 10.27 10.08 9.91 9.74 9.57 9.41 9.26 9.11 8.97 8.83 8.70 8.58 8.45 8.34 8.22 8.11 8.01 7.91 7.81 7.72 7.63 7.55 7.47 7.39 7.31 7.24 7.18 7.11 7.05 6.99 6.93 6.88 6.83 6.78 6.74 6.70 6.66 6.62 6.58 6.55 6.52 6.49 6.46 6.43 6.40 6.38 6.35 6.33 6.30 6.28 6.25 6.22 6.20 6.16 6.13 6.09 6.05 6.01 5.96 5.90 5.84 5.77 5.70 5.61 5.53 5.43 5.33 5.22 5.10 4.97 4.84 4.71 4.56 4.41 4.26 4.09 3.93 3.76 3.59 3.41 3.23 3.05 2.86 2.68 2.49 2.30 2.11 1.92 1.73 1.54 1.35 1.16 0.96 0.77 0.58 0.39 0.19 0.00 
20.00 19.60 19.19 18.79 18.39 17.99 17.60 17.22 16.83 16.46 16.09 15.73 15.37 15.03 14.69 14.36 14.04 13.73 13.42 13.13 12.84 12.56 12.30 12.04 11.78 11.54 11.31 11.08 10.86 10.65 10.44 10.25 10.06 9.87 9.70 9.52 9.36 9.20 9.05 8.90 8.76 8.62 8.49 8.37 8.25 8.13 8.02 7.91 7.81 7.71 7.61 7.52 7.43 7.35 7.27 7.19 7.12 7.05 6.98 6.91 6.85 6.80 6.74 6.69 6.64 6.59 6.54 6.50 6.46 6.42 6.38 6.35 6.32 6.29 6.26 6.23 6.20 6.17 6.14 6.12 6.09 6.06 6.04 6.01 5.97 5.94 5.90 5.87 5.82 5.78 5.72 5.67 5.60 5.54 5.46 5.38 5.30 5.20 5.10 5.00 4.88 4.76 4.64 4.51 4.37 4.22 4.08 3.92 3.77 3.60 3.44 3.27 3.10 2.92 2.75 2.57 2.39 2.21 2.03 1.85 1.66 1.48 1.30 1.11 0.93 0.74 0.56 0.37 0.19 0.00 
20.00 19.58 19.16 18.75 18.34 17.93 17.52 17.12 16.73 16.34 15.96 15.59 15.23 14.87 14.53 14.19 13.86 13.54 13.24 12.94 12.65 12.36 12.09 11.83 11.58 11.33 11.09 10.86 10.64 10.43 10.23 10.03 9.84 9.65 9.48 9.31 9.14 8.99 8.83 8.69 8.55 8.41 8.28 8.16 8.04 7.92 7.81 7.70 7.60 7.50 7.41 7.32 7.23 7.15 7.07 6.99 6.92 6.85 6.78 6.72 6.66 6.60 6.54 6.49 6.44 6.39 6.35 6.30 6.26 6.22 6.19 6.15 6.12 6.09 6.05 6.02 5.99 5.97 5.94 5.91 5.88 5.85 5.82 5.79 5.76 5.72 5.68 5.64 5.60 5.55 5.50 5.44 5.38 5.31 5.24 5.16 5.07 4.98 4.89 4.78 4.67 4.56 4.44 4.31 4.18 4.04 3.90 3.76 3.61 3.45 3.29 3.13 2.97 2.80 2.64 2.47 2.30 2.12 1.95 1.77 1.60 1.42 1.25 1.07 0.89 0.71 0.54 0.36 0.18 0.00 
20.00 19.57 19.13 18.70 18.28 17.85 17.44 17.02 16.62 16.22 15.83 15.45 15.07 14.71 14.36 14.01 13.68 13.35 13.04 12.73 12.44 12.15 11.88 11.61 11.36 11.11 10.87 10.64 10.42 10.21 10.00 9.80 9.61 9.43 9.25 9.08 8.92 8.76 8.61 8.47 8.33 8.19 8.06 7.94 7.82 7.71 7.60 7.49 7.39 7.29 7.20 7.11 7.02 6.94 6.86 6.79 6.71 6.65 6.58 6.52 6.46 6.40 6.34 6.29 6.24 6.19 6.15 6.11 6.06 6.03 5.99 5.95 5.92 5.88 5.85 5.82 5.79 5.76 5.73 5.70 5.67 5.64 5.61 5.57 5.54 5.50 5.46 5.42 5.38 5.33 5.27 5.22 5.16 5.09 5.02 4.94 4.86 4.77 4.68 4.58 4.47 4.36 4.25 4.13 4.00 3.87 3.73 3.59 3.45 3.30 3.15 3.00 2.85 2.69 2.53 2.37 2.20 2.04 1.87 1.70 1.53 1.37 1.20 1.03 0.86 0.68 0.51 0.34 0.17 0.00 
20.00 19.55 19.10 18.66 18.21 17.78 17.34 16.92 16.50 16.09 15.69 15.29 14.91 14.54 14.18 13.82 13.48 13.15 12.83 12.52 12.22 11.94 11.66 11.39 11.13 10.88 10.64 10.41 10.19 9.98 9.77 9.57 9.38 9.20 9.02 8.85 8.69 8.54 8.39 8.24 8.10 7.97 7.84 7.72 7.60 7.49 7.38 7.28 7.18 7.08 6.99 6.90 6.81 6.73 6.66 6.58 6.51 6.44 6.38 6.31 6.25 6.20 6.14 6.09 6.04 5.99 5.95 5.91 5.87 5.83 5.79 5.75 5.72 5.68 5.65 5.62 5.59 5.56 5.52 5.49 5.46 5.43 5.40 5.36 5.33 5.29 5.25 5.21 5.16 5.11 5.06 5.00 4.94 4.87 4.80 4.73 4.65 4.56 4.47 4.38 4.28 4.17 4.06 3.94 3.82 3.70 3.57 3.44 3.30 3.16 3.02 2.87 2.72 2.57 2.42 2.27 2.11 1.95 1.79 1.63 1.47 1.31 1.15 0.98 0.82 0.66 0.49 0.33 0.16 0.00 
20.00 19.53 19.07 18.61 18.15 17.69 17.25 16.81 16.37 15.95 15.54 15.13 14.74 14.36 13.99 13.63 13.28 12.94 12.62 12.30 12.00 11.71 11.43 11.16 10.90 10.64 10.40 10.17 9.95 9.74 9.53 9.33 9.14 8.96 8.79 8.62 8.46 8.30 8.15 8.01 7.87 7.74 7.62 7.50 7.38 7.27 7.16 7.06 6.96 6.86 6.77 6.69 6.60 6.52 6.45 6.37 6.30 6.23 6.17 6.11 6.05 5.99 5.94 5.89 5.84 5.79 5.75 5.71 5.66 5.63 5.59 5.55 5.52 5.48 5.45 5.42 5.38 5.35 5.32 5.29 5.26 5.22 5.19 5.15 5.12 5.08 5.04 4.99 4.95 4.90 4.84 4.79 4.73 4.66 4.59 4.52 4.44 4.36 4.27 4.18 4.08 3.98 3.88 3.77 3.65 3.53 3.41 3.28 3.15 3.02 2.88 2.75 2.60 2.46 2.31 2.17 2.02 1.87 1.72 1.56 1.41 1.25 1.10 0.94 0.79 0.63 0.47 0.31 0.16 0.00 
20.00 19.52 19.03 18.55 18.08 17.60 17.14 16.69 16.24 15.80 15.37 14.96 14.56 14.16 13.78 13.42 13.06 12.72 12.39 12.07 11.76 11.47 11.18 10.91 10.65 10.40 10.16 9.93 9.70 9.49 9.28 9.09 8.90 8.72 8.54 8.38 8.22 8.06 7.92 7.78 7.64 7.51 7.39 7.27 7.15 7.04 6.94 6.83 6.74 6.64 6.55 6.47 6.39 6.31 6.23 6.16 6.09 6.03 5.96 5.90 5.84 5.79 5.74 5.69 5.64 5.59 5.55 5.50 5.46 5.42 5.39 5.35 5.31 5.28 5.25 5.21 5.18 5.15 5.11 5.08 5.05 5.02 4.98 4.94 4.91 4.87 4.83 4.78 4.74 4.69 4.64 4.58 4.52 4.46 4.39 4.32 4.24 4.16 4.08 3.99 3.90 3.80 3.70 3.59 3.48 3.37 3.25 3.13 3.01 2.88 2.75 2.62 2.49 2.35 2.21 2.07 1.93 1.78 1.64 1.49 1.35 1.20 1.05 0.90 0.75 0.60 0.45 0.30 0.15 0.00 
20.00 19.50 18.99 18.49 18.00 17.51 17.03 16.56 16.09 15.64 15.20 14.77 14.36 13.96 13.57 13.19 12.83 12.48 12.15 11.83 11.52 11.22 10.93 10.66 10.39 10.14 9.90 9.67 9.45 9.23 9.03 8.83 8.65 8.47 8.30 8.13 7.97 7.82 7.67 7.54 7.40 7.27 7.15 7.03 6.92 6.81 6.71 6.61 6.51 6.42 6.33 6.25 6.17 6.09 6.02 5.95 5.88 5.82 5.75 5.69 5.64 5.58 5.53 5.48 5.43 5.39 5.34 5.30 5.26 5.22 5.18 5.15 5.11 5.08 5.04 5.01 4.98 4.94 4.91 4.88 4.84 4.81 4.78 4.74 4.70 4.66 4.62 4.58 4.53 4.48 4.43 4.38 4.32 4.26 4.19 4.12 4.05 3.97 3.89 3.81 3.72 3.62 3.53 3.43 3.32 3.21 3.10 2.99 2.87 2.75 2.63 2.50 2.37 2.24 2.11 1.98 1.84 1.70 1.57 1.43 1.29 1.15 1.00 0.86 0.72 0.58 0.43 0.29 0.14 0.00 
20.00 19.47 18.95 18.43 17.91 17.41 16.91 16.42 15.94 15.47 15.02 14.58 14.15 13.74 13.34 12.96 12.59 12.24 11.90 11.57 11.26 10.96 10.67 10.39 10.13 9.88 9.63 9.40 9.18 8.97 8.77 8.57 8.39 8.21 8.04 7.88 7.72 7.57 7.43 7.29 7.16 7.03 6.91 6.80 6.68 6.58 6.48 6.38 6.28 6.20 6.11 6.03 5.95 5.87 5.80 5.73 5.67 5.60 5.54 5.48 5.43 5.37 5.32 5.27 5.23 5.18 5.14 5.10 5.06 5.02 4.98 4.94 4.91 4.87 4.84 4.81 4.77 4.74 4.71 4.67 4.64 4.61 4.57 4.54 4.50 4.46 4.42 4.37 4.33 4.28 4.23 4.18 4.12 4.06 4.00 3.93 3.86 3.78 3.71 3.62 3.54 3.45 3.36 3.26 3.16 3.06 2.95 2.84 2.73 2.62 2.50 2.38 2.26 2.14 2.01 1.88 1.75 1.62 1.49 1.36 1.23 1.09 0.96 0.82 0.69 0.55 0.41 0.27 0.14 0.00 
20.00 19.45 18.90 18.36 17.82 17.29 16.78 16.27 15.77 15.29 14.82 14.37 13.93 13.51 13.10 12.71 12.33 11.98 11.63 11.30 10.98 10.68 10.39 10.12 9.85 9.60 9.36 9.13 8.91 8.70 8.50 8.30 8.12 7.94 7.78 7.61 7.46 7.31 7.17 7.04 6.91 6.78 6.67 6.55 6.44 6.34 6.24 6.15 6.05 5.97 5.88 5.80 5.72 5.65 5.58 5.51 5.45 5.39 5.33 5.27 5.22 5.16 5.11 5.07 5.02 4.97 4.93 4.89 4.85 4.81 4.78 4.74 4.71 4.67 4.64 4.60 4.57 4.54 4.51 4.47 4.44 4.40 4.37 4.33 4.30 4.26 4.22 4.17 4.13 4.08 4.03 3.98 3.92 3.87 3.80 3.74 3.67 3.60 3.53 3.45 3.37 3.28 3.19 3.10 3.01 2.91 2.81 2.70 2.60 2.49 2.38 2.26 2.15 2.03 1.91 1.79 1.67 1.55 1.42 1.29 1.17 1.04 0.91 0.78 0.65 0.52 0.39 0.26 0.13 0.00 
20.00 19.43 18.85 18.29 17.73 17.17 16.63 16.10 15.59 15.09 14.61 14.14 13.69 13.26 12.84 12.45 12.06 11.70 11.35 11.02 10.70 10.39 10.10 9.83 9.56 9.31 9.07 8.84 8.62 8.42 8.22 8.03 7.84 7.67 7.51 7.35 7.20 7.05 6.91 6.78 6.65 6.53 6.42 6.31 6.20 6.10 6.00 5.91 5.82 5.73 5.65 5.57 5.50 5.43 5.36 5.29 5.23 5.17 5.11 5.06 5.00 4.95 4.90 4.86 4.81 4.77 4.73 4.69 4.65 4.61 4.57 4.54 4.50 4.47 4.43 4.40 4.37 4.34 4.30 4.27 4.24 4.20 4.17 4.13 4.10 4.06 4.02 3.98 3.93 3.89 3.84 3.79 3.73 3.68 3.62 3.55 3.49 3.42 3.35 3.27 3.20 3.12 3.03 2.94 2.85 2.76 2.67 2.57 2.47 2.36 2.26 2.15 2.04 1.93 1.82 1.70 1.59 1.47 1.35 1.23 1.11 0.99 0.87 0.74 0.62 0.50 0.37 0.25 0.12 0.00 
20.00 19.40 18.80 18.20 17.62 17.04 16.48 15.93 15.40 14.88 14.38 13.90 13.44 12.99 12.57 12.16 11.78 11.41 11.05 10.72 10.40 10.09 9.80 9.53 9.26 9.01 8.77 8.55 8.33 8.12 7.93 7.74 7.56 7.39 7.23 7.07 6.93 6.78 6.65 6.52 6.40 6.28 6.16 6.06 5.95 5.85 5.76 5.67 5.58 5.50 5.42 5.34 5.27 5.20 5.13 5.07 5.01 4.95 4.89 4.84 4.79 4.74 4.69 4.64 4.60 4.56 4.52 4.48 4.44 4.40 4.37 4.33 4.30 4.27 4.23 4.20 4.17 4.14 4.10 4.07 4.04 4.00 3.97 3.93 3.90 3.86 3.82 3.78 3.74 3.69 3.65 3.60 3.54 3.49 3.43 3.37 3.31 3.24 3.18 3.11 3.03 2.95 2.87 2.79 2.71 2.62 2.53 2.43 2.34 2.24 2.14 2.04 1.93 1.83 1.72 1.61 1.50 1.39 1.28 1.17 1.05 0.94 0.82 0.71 0.59 0.47 0.35 0.24 0.12 0.00 
20.00 19.37 18.74 18.11 17.50 16.90 16.31 15.74 15.18 14.65 14.13 13.64 13.16 12.71 12.28 11.86 11.47 11.10 10.74 10.40 10.08 9.78 9.49 9.21 8.95 8.70 8.47 8.24 8.03 7.82 7.63 7.45 7.27 7.10 6.94 6.79 6.65 6.51 6.38 6.25 6.13 6.02 5.91 5.80 5.70 5.60 5.51 5.42 5.34 5.26 5.18 5.11 5.04 4.97 4.91 4.84 4.78 4.73 4.67 4.62 4.57 4.52 4.48 4.43 4.39 4.35 4.31 4.27 4.23 4.20 4.16 4.13 4.09 4.06 4.03 4.00 3.97 3.93 3.90 3.87 3.84 3.81 3.77 3.74 3.70 3.66 3.63 3.59 3.54 3.50 3.46 3.41 3.36 3.31 3.25 3.19 3.13 3.07 3.01 2.94 2.87 2.80 2.72 2.64 2.56 2.48 2.39 2.30 2.21 2.12 2.02 1.93 1.83 1.73 1.63 1.53 1.42 1.32 1.21 1.10 1.00 0.89 0.78 0.67 0.56 0.45 0.33 0.22 0.11 0.00 
20.00 19.33 18.67 18.01 17.37 16.74 16.12 15.53 14.95 14.40 13.87 13.36 12.87 12.41 11.97 11.55 11.15 10.77 10.41 10.07 9.75 9.45 9.16 8.89 8.63 8.38 8.15 7.93 7.72 7.52 7.33 7.14 6.97 6.81 6.65 6.51 6.36 6.23 6.10 5.98 5.86 5.75 5.64 5.54 5.44 5.35 5.26 5.18 5.10 5.02 4.94 4.87 4.80 4.74 4.68 4.62 4.56 4.50 4.45 4.40 4.35 4.31 4.26 4.22 4.18 4.14 4.10 4.06 4.03 3.99 3.96 3.92 3.89 3.86 3.83 3.80 3.77 3.73 3.70 3.67 3.64 3.61 3.58 3.54 3.51 3.47 3.43 3.40 3.36 3.31 3.27 3.22 3.18 3.13 3.07 3.02 2.96 2.90 2.84 2.78 2.71 2.64 2.57 2.49 2.42 2.34 2.26 2.17 2.09 2.00 1.91 1.82 1.73 1.63 1.54 1.44 1.34 1.24 1.14 1.04 0.94 0.84 0.73 0.63 0.53 0.42 0.32 0.21 0.11 0.00 
20.00 19.30 18.60 17.91 17.23 16.56 15.92 15.30 14.70 14.12 13.57 13.05 12.55 12.08 11.63 11.21 10.80 10.42 10.07 9.73 9.41 9.10 8.82 8.54 8.29 8.05 7.82 7.60 7.39 7.20 7.01 6.83 6.67 6.51 6.36 6.21 6.07 5.94 5.82 5.70 5.59 5.48 5.38 5.28 5.18 5.09 5.01 4.93 4.85 4.77 4.70 4.63 4.57 4.50 4.44 4.39 4.33 4.28 4.23 4.18 4.13 4.09 4.04 4.00 3.96 3.93 3.89 3.85 3.82 3.78 3.75 3.72 3.69 3.66 3.63 3.60 3.57 3.54 3.51 3.47 3.44 3.41 3.38 3.35 3.31 3.28 3.24 3.21 3.17 3.13 3.08 3.04 3.00 2.95 2.90 2.85 2.79 2.73 2.68 2.61 2.55 2.49 2.42 2.35 2.28 2.20 2.12 2.05 1.97 1.88 1.80 1.71 1.63 1.54 1.45 1.36 1.27 1.17 1.08 0.98 0.89 0.79 0.69 0.59 0.50 0.40 0.30 0.20 0.10 0.00 
20.00 19.25 18.51 17.78 17.07 16.37 15.70 15.05 14.42 13.83 13.26 12.72 12.21 11.73 11.27 10.84 10.44 10.06 9.70 9.36 9.04 8.74 8.46 8.19 7.94 7.70 7.47 7.26 7.06 6.87 6.69 6.51 6.35 6.20 6.05 5.91 5.78 5.65 5.53 5.42 5.31 5.20 5.11 5.01 4.92 4.83 4.75 4.67 4.60 4.53 4.46 4.39 4.33 4.27 4.21 4.15 4.10 4.05 4.00 3.96 3.91 3.87 3.83 3.79 3.75 3.71 3.68 3.64 3.61 3.58 3.54 3.51 3.48 3.45 3.42 3.39 3.37 3.34 3.31 3.28 3.25 3.22 3.19 3.16 3.12 3.09 3.05 3.02 2.98 2.94 2.90 2.86 2.82 2.77 2.72 2.67 2.62 2.57 2.51 2.46 2.40 2.34 2.27 2.21 2.14 2.07 2.00 1.92 1.85 1.77 1.69 1.61 1.53 1.45 1.36 1.28 1.19 1.10 1.01 0.92 0.83 0.74 0.65 0.56 0.47 0.37 0.28 0.19 0.09 0.00 
20.00 19.21 18.42 17.65 16.89 16.15 15.45 14.77 14.12 13.50 12.91 12.36 11.84 11.35 10.89 10.46 10.05 9.67 9.31 8.97 8.66 8.36 8.08 7.82 7.57 7.34 7.12 6.91 6.71 6.53 6.35 6.19 6.03 5.88 5.74 5.60 5.48 5.35 5.24 5.13 5.02 4.92 4.83 4.74 4.65 4.57 4.49 4.42 4.34 4.28 4.21 4.15 4.09 4.03 3.97 3.92 3.87 3.82 3.78 3.73 3.69 3.65 3.61 3.57 3.53 3.50 3.46 3.43 3.40 3.37 3.34 3.31 3.28 3.25 3.22 3.19 3.17 3.14 3.11 3.08 3.05 3.02 2.99 2.96 2.93 2.90 2.87 2.83 2.80 2.76 2.72 2.68 2.64 2.60 2.55 2.51 2.46 2.41 2.36 2.30 2.24 2.19 2.13 2.06 2.00 1.94 1.87 1.80 1.73 1.66 1.58 1.51 1.43 1.35 1.27 1.19 1.11 1.03 0.95 0.86 0.78 0.69 0.61 0.52 0.44 0.35 0.26 0.18 0.09 0.00 
20.00 19.15 18.32 17.49 16.69 15.91 15.17 14.46 13.78 13.14 12.54 11.97 11.44 10.94 10.48 10.04 9.64 9.26 8.90 8.57 8.26 7.96 7.69 7.43 7.19 6.96 6.75 6.55 6.36 6.18 6.01 5.85 5.70 5.56 5.42 5.29 5.17 5.05 4.94 4.84 4.74 4.64 4.55 4.46 4.38 4.30 4.23 4.16 4.09 4.02 3.96 3.90 3.84 3.79 3.74 3.69 3.64 3.59 3.55 3.51 3.46 3.43 3.39 3.35 3.32 3.28 3.25 3.22 3.19 3.16 3.13 3.10 3.07 3.05 3.02 2.99 2.97 2.94 2.91 2.89 2.86 2.83 2.80 2.77 2.74 2.71 2.68 2.65 2.62 2.58 2.54 2.51 2.47 2.43 2.38 2.34 2.29 2.25 2.20 2.15 2.09 2.04 1.98 1.93 1.87 1.81 1.74 1.68 1.61 1.55 1.48 1.41 1.33 1.26 1.19 1.11 1.04 0.96 0.88 0.81 0.73 0.65 0.57 0.49 0.41 0.33 0.24 0.16 0.08 0.00 
20.00 19.09 18.20 17.32 16.46 15.64 14.86 14.11 13.41 12.75 12.13 11.55 11.01 10.51 10.04 9.60 9.20 8.82 8.47 8.14 7.83 7.55 7.28 7.03 6.80 6.58 6.37 6.18 5.99 5.82 5.66 5.51 5.36 5.22 5.09 4.97 4.85 4.74 4.64 4.54 4.44 4.35 4.27 4.18 4.11 4.03 3.96 3.89 3.83 3.77 3.71 3.65 3.60 3.55 3.50 3.45 3.40 3.36 3.32 3.28 3.24 3.20 3.17 3.13 3.10 3.07 3.04 3.01 2.98 2.95 2.92 2.90 2.87 2.84 2.82 2.79 2.77 2.74 2.72 2.69 2.66 2.64 2.61 2.58 2.56 2.53 2.50 2.47 2.43 2.40 2.37 2.33 2.30 2.26 2.22 2.18 2.13 2.09 2.04 2.00 1.95 1.90 1.84 1.79 1.73 1.68 1.62 1.56 1.50 1.44 1.37 1.31 1.24 1.17 1.10 1.03 0.96 0.89 0.82 0.75 0.68 0.60 0.53 0.45 0.38 0.30 0.23 0.15 0.08 0.00 
20.00 19.02 18.06 17.11 16.20 15.33 14.50 13.72 12.99 12.31 11.67 11.08 10.54 10.03 9.56 9.13 8.73 8.36 8.01 7.69 7.39 7.11 6.86 6.61 6.39 6.18 5.98 5.79 5.62 5.45 5.30 5.15 5.01 4.88 4.76 4.64 4.53 4.43 4.33 4.24 4.15 4.06 3.98 3.90 3.83 3.76 3.69 3.63 3.57 3.51 3.45 3.40 3.35 3.30 3.25 3.21 3.17 3.13 3.09 3.05 3.01 2.98 2.95 2.91 2.88 2.85 2.82 2.80 2.77 2.74 2.72 2.69 2.66 2.64 2.62 2.59 2.57 2.54 2.52 2.50 2.47 2.45 2.42 2.40 2.37 2.34 2.31 2.28 2.25 2.22 2.19 2.16 2.12 2.09 2.05 2.01 1.97 1.93 1.89 1.85 1.80 1.75 1.71 1.66 1.60 1.55 1.50 1.44 1.38 1.33 1.27 1.21 1.15 1.08 1.02 0.96 0.89 0.83 0.76 0.69 0.63 0.56 0.49 0.42 0.35 0.28 0.21 0.14 0.07 0.00 
20.00 18.94 17.90 16.88 15.91 14.98 14.10 13.29 12.53 11.82 11.17 10.58 10.03 9.52 9.06 8.63 8.23 7.87 7.53 7.22 6.93 6.66 6.41 6.18 5.97 5.76 5.58 5.40 5.23 5.08 4.93 4.79 4.66 4.54 4.42 4.31 4.21 4.11 4.02 3.93 3.84 3.76 3.69 3.62 3.55 3.48 3.42 3.36 3.30 3.25 3.20 3.15 3.10 3.05 3.01 2.97 2.93 2.89 2.85 2.82 2.79 2.75 2.72 2.69 2.66 2.64 2.61 2.58 2.56 2.53 2.51 2.48 2.46 2.44 2.41 2.39 2.37 2.35 2.32 2.30 2.28 2.26 2.23 2.21 2.18 2.16 2.13 2.10 2.08 2.05 2.02 1.99 1.96 1.92 1.89 1.85 1.82 1.78 1.74 1.70 1.66 1.61 1.57 1.52 1.47 1.43 1.38 1.33 1.27 1.22 1.17 1.11 1.05 1.00 0.94 0.88 0.82 0.76 0.70 0.64 0.57 0.51 0.45 0.39 0.32 0.26 0.19 0.13 0.06 0.00 
20.00 18.84 17.71 16.61 15.56 14.57 13.65 12.79 12.01 11.28 10.62 10.02 9.47 8.97 8.51 8.09 7.70 7.35 7.03 6.73 6.45 6.19 5.95 5.73 5.53 5.34 5.16 4.99 4.84 4.69 4.55 4.42 4.30 4.19 4.08 3.98 3.88 3.79 3.70 3.62 3.54 3.46 3.39 3.33 3.26 3.20 3.14 3.09 3.04 2.99 2.94 2.89 2.85 2.81 2.77 2.73 2.69 2.65 2.62 2.59 2.56 2.53 2.50 2.47 2.44 2.42 2.39 2.37 2.34 2.32 2.30 2.28 2.26 2.23 2.21 2.19 2.17 2.15 2.13 2.11 2.09 2.07 2.04 2.02 2.00 1.97 1.95 1.93 1.90 1.87 1.85 1.82 1.79 1.76 1.73 1.69 1.66 1.62 1.59 1.55 1.51 1.47 1.43 1.39 1.35 1.30 1.26 1.21 1.16 1.11 1.06 1.01 0.96 0.91 0.86 0.80 0.75 0.69 0.64 0.58 0.52 0.47 0.41 0.35 0.29 0.24 0.18 0.12 0.06 0.00 
20.00 18.73 17.48 16.29 15.15 14.10 13.12 12.23 11.42 10.68 10.02 9.42 8.87 8.37 7.93 7.52 7.15 6.81 6.49 6.21 5.95 5.70 5.48 5.27 5.08 4.90 4.73 4.58 4.43 4.30 4.17 4.05 3.93 3.83 3.73 3.63 3.54 3.46 3.38 3.30 3.23 3.16 3.10 3.03 2.98 2.92 2.87 2.82 2.77 2.72 2.68 2.63 2.59 2.56 2.52 2.48 2.45 2.42 2.39 2.36 2.33 2.30 2.27 2.25 2.22 2.20 2.18 2.15 2.13 2.11 2.09 2.07 2.05 2.03 2.01 1.99 1.97 1.95 1.93 1.92 1.90 1.88 1.86 1.83 1.81 1.79 1.77 1.75 1.72 1.70 1.67 1.65 1.62 1.59 1.57 1.54 1.50 1.47 1.44 1.41 1.37 1.34 1.30 1.26 1.22 1.18 1.14 1.10 1.05 1.01 0.96 0.92 0.87 0.82 0.78 0.73 0.68 0.63 0.58 0.53 0.48 0.42 0.37 0.32 0.27 0.21 0.16 0.11 0.05 0.00 
20.00 18.59 17.21 15.90 14.67 13.54 12.52 11.59 10.76 10.01 9.35 8.75 8.22 7.73 7.30 6.91 6.55 6.23 5.94 5.67 5.42 5.20 4.99 4.79 4.62 4.45 4.30 4.15 4.02 3.89 3.77 3.66 3.56 3.46 3.37 3.28 3.20 3.13 3.05 2.98 2.92 2.86 2.80 2.74 2.69 2.64 2.59 2.54 2.50 2.45 2.41 2.38 2.34 2.30 2.27 2.24 2.21 2.18 2.15 2.12 2.10 2.07 2.05 2.03 2.00 1.98 1.96 1.94 1.92 1.90 1.88 1.86 1.85 1.83 1.81 1.79 1.78 1.76 1.74 1.72 1.70 1.69 1.67 1.65 1.63 1.61 1.59 1.57 1.55 1.53 1.50 1.48 1.46 1.43 1.41 1.38 1.35 1.32 1.29 1.26 1.23 1.20 1.16 1.13 1.10 1.06 1.02 0.98 0.95 0.91 0.87 0.82 0.78 0.74 0.70 0.65 0.61 0.56 0.52 0.47 0.43 0.38 0.33 0.29 0.24 0.19 0.14 0.10 0.05 0.00 
20.00 18.41 16.87 15.42 14.09 12.89 11.81 10.86 10.01 9.27 8.61 8.03 7.51 7.05 6.63 6.26 5.93 5.63 5.36 5.11 4.88 4.67 4.48 4.30 4.14 3.99 3.85 3.72 3.59 3.48 3.37 3.27 3.18 3.09 3.01 2.93 2.86 2.79 2.72 2.66 2.60 2.55 2.49 2.44 2.39 2.35 2.30 2.26 2.22 2.19 2.15 2.12 2.08 2.05 2.02 1.99 1.97 1.94 1.91 1.89 1.87 1.84 1.82 1.80 1.78 1.76 1.74 1.73 1.71 1.69 1.67 1.66 1.64 1.62 1.61 1.59 1.58 1.56 1.55 1.53 1.51 1.50 1.48 1.46 1.45 1.43 1.41 1.39 1.37 1.35 1.33 1.31 1.29 1.27 1.25 1.22 1.20 1.17 1.15 1.12 1.09 1.06 1.03 1.00 0.97 0.94 0.91 0.87 0.84 0.80 0.77 0.73 0.69 0.66 0.62 0.58 0.54 0.50 0.46 0.42 0.38 0.34 0.30 0.25 0.21 0.17 0.13 0.08 0.04 0.00 
20.00 18.18 16.44 14.83 13.38 12.10 10.98 10.01 9.16 8.43 7.79 7.23 6.74 6.31 5.93 5.58 5.28 5.00 4.75 4.52 4.32 4.13 3.96 3.80 3.65 3.51 3.39 3.27 3.16 3.06 2.97 2.88 2.80 2.72 2.64 2.58 2.51 2.45 2.39 2.34 2.28 2.23 2.19 2.14 2.10 2.06 2.02 1.98 1.95 1.92 1.88 1.85 1.83 1.80 1.77 1.75 1.72 1.70 1.68 1.66 1.63 1.62 1.60 1.58 1.56 1.54 1.53 1.51 1.49 1.48 1.46 1.45 1.44 1.42 1.41 1.39 1.38 1.37 1.35 1.34 1.32 1.31 1.30 1.28 1.27 1.25 1.23 1.22 1.20 1.18 1.17 1.15 1.13 1.11 1.09 1.07 1.05 1.02 1.00 0.98 0.95 0.93 0.90 0.88 0.85 0.82 0.79 0.76 0.73 0.70 0.67 0.64 0.61 0.57 0.54 0.51 0.47 0.44 0.40 0.37 0.33 0.29 0.26 0.22 0.18 0.15 0.11 0.07 0.04 0.00 
20.00 17.88 15.88 14.08 12.50 11.15 10.01 9.03 8.21 7.50 6.90 6.38 5.92 5.52 5.18 4.87 4.59 4.34 4.12 3.92 3.74 3.57 3.42 3.28 3.15 3.03 2.92 2.82 2.73 2.64 2.56 2.48 2.41 2.34 2.27 2.21 2.16 2.11 2.05 2.01 1.96 1.92 1.88 1.84 1.80 1.77 1.74 1.70 1.67 1.65 1.62 1.59 1.57 1.54 1.52 1.50 1.48 1.46 1.44 1.42 1.40 1.39 1.37 1.35 1.34 1.32 1.31 1.30 1.28 1.27 1.26 1.24 1.23 1.22 1.21 1.19 1.18 1.17 1.16 1.15 1.13 1.12 1.11 1.10 1.08 1.07 1.06 1.04 1.03 1.01 1.00 0.98 0.97 0.95 0.93 0.91 0.90 0.88 0.86 0.84 0.82 0.79 0.77 0.75 0.73 0.70 0.68 0.65 0.63 0.60 0.57 0.55 0.52 0.49 0.46 0.43 0.40 0.37 0.34 0.31 0.28 0.25 0.22 0.19 0.16 0.13 0.10 0.06 0.03 0.00 
20.00 17.46 15.12 13.10 11.40 10.00 8.86 7.91 7.13 6.47 5.92 5.45 5.04 4.69 4.39 4.11 3.88 3.66 3.47 3.30 3.14 3.00 2.87 2.75 2.64 2.54 2.45 2.36 2.28 2.21 2.14 2.07 2.01 1.96 1.90 1.85 1.80 1.76 1.72 1.68 1.64 1.60 1.57 1.54 1.51 1.48 1.45 1.42 1.40 1.37 1.35 1.33 1.31 1.29 1.27 1.25 1.23 1.22 1.20 1.18 1.17 1.16 1.14 1.13 1.12 1.10 1.09 1.08 1.07 1.06 1.05 1.04 1.03 1.02 1.01 1.00 0.99 0.98 0.97 0.95 0.94 0.93 0.92 0.91 0.90 0.89 0.88 0.87 0.86 0.84 0.83 0.82 0.80 0.79 0.78 0.76 0.75 0.73 0.71 0.70 0.68 0.66 0.64 0.62 0.60 0.58 0.56 0.54 0.52 0.50 0.48 0.45 0.43 0.41 0.38 0.36 0.34 0.31 0.29 0.26 0.24 0.21 0.18 0.16 0.13 0.11 0.08 0.05 0.03 0.00 
20.00 16.83 14.05 11.79 10.00 8.60 7.50 6.63 5.92 5.34 4.86 4.46 4.11 3.82 3.56 3.33 3.13 2.96 2.80 2.66 2.53 2.41 2.31 2.21 2.12 2.04 1.97 1.90 1.83 1.77 1.72 1.66 1.61 1.57 1.53 1.48 1.45 1.41 1.38 1.34 1.31 1.28 1.26 1.23 1.21 1.18 1.16 1.14 1.12 1.10 1.08 1.06 1.05 1.03 1.02 1.00 0.99 0.97 0.96 0.95 0.94 0.92 0.91 0.90 0.89 0.88 0.87 0.86 0.85 0.85 0.84 0.83 0.82 0.81 0.80 0.80 0.79 0.78 0.77 0.76 0.76 0.75 0.74 0.73 0.72 0.71 0.70 0.69 0.68 0.67 0.66 0.65 0.64 0.63 0.62 0.61 0.60 0.58 0.57 0.56 0.54 0.53 0.51 0.50 0.48 0.47 0.45 0.43 0.42 0.40 0.38 0.36 0.34 0.33 0.31 0.29 0.27 0.25 0.23 0.21 0.19 0.17 0.15 0.13 0.11 0.08 0.06 0.04 0.02 0.00 
20.00 15.81 12.47 10.00 8.22 6.91 5.93 5.18 4.59 4.11 3.73 3.40 3.13 2.90 2.70 2.52 2.37 2.24 2.12 2.01 1.91 1.82 1.74 1.67 1.60 1.54 1.48 1.43 1.38 1.33 1.29 1.25 1.21 1.18 1.15 1.12 1.09 1.06 1.03 1.01 0.99 0.96 0.94 0.92 0.91 0.89 0.87 0.86 0.84 0.83 0.81 0.80 0.79 0.77 0.76 0.75 0.74 0.73 0.72 0.71 0.70 0.69 0.69 0.68 0.67 0.66 0.66 0.65 0.64 0.63 0.63 0.62 0.62 0.61 0.60 0.60 0.59 0.58 0.58 0.57 0.57 0.56 0.55 0.55 0.54 0.53 0.53 0.52 0.51 0.51 0.50 0.49 0.48 0.47 0.46 0.46 0.45 0.44 0.43 0.42 0.41 0.40 0.38 0.37 0.36 0.35 0.34 0.32 0.31 0.30 0.29 0.27 0.26 0.24 0.23 0.22 0.20 0.19 0.17 0.16 0.14 0.13 0.11 0.09 0.08 0.06 0.05 0.03 0.02 0.00 
20.00 13.95 10.00 7.54 5.95 4.88 4.12 3.56 3.13 2.80 2.52 2.30 2.11 1.95 1.81 1.70 1.59 1.50 1.42 1.34 1.28 1.22 1.16 1.11 1.07 1.03 0.99 0.95 0.92 0.89 0.86 0.84 0.81 0.79 0.77 0.74 0.73 0.71 0.69 0.67 0.66 0.64 0.63 0.62 0.60 0.59 0.58 0.57 0.56 0.55 0.54 0.53 0.52 0.52 0.51 0.50 0.49 0.49 0.48 0.47 0.47 0.46 0.46 0.45 0.45 0.44 0.44 0.43 0.43 0.42 0.42 0.41 0.41 0.41 0.40 0.40 0.39 0.39 0.39 0.38 0.38 0.37 0.37 0.36 0.36 0.36 0.35 0.35 0.34 0.34 0.33 0.33 0.32 0.32 0.31 0.30 0.30 0.29 0.28 0.28 0.27 0.26 0.26 0.25 0.24 0.23 0.22 0.22 0.21 0.20 0.19 0.18 0.17 0.16 0.15 0.14 0.13 0.12 0.11 0.10 0.09 0.08 0.07 0.06 0.05 0.04 0.03 0.02 0.01 0.00 
20.00 10.00 6.05 4.19 3.17 2.54 2.12 1.82 1.59 1.42 1.27 1.16 1.06 0.98 0.91 0.85 0.80 0.75 0.71 0.67 0.64 0.61 0.58 0.56 0.54 0.51 0.50 0.48 0.46 0.45 0.43 0.42 0.41 0.39 0.38 0.37 0.36 0.35 0.35 0.34 0.33 0.32 0.32 0.31 0.30 0.30 0.29 0.29 0.28 0.28 0.27 0.27 0.26 0.26 0.25 0.25 0.25 0.24 0.24 0.24 0.23 0.23 0.23 0.23 0.22 0.22 0.22 0.22 0.21 0.21 0.21 0.21 0.21 0.20 0.20 0.20 0.20 0.19 0.19 0.19 0.19 0.19 0.18 0.18 0.18 0.18 0.18 0.17 0.17 0.17 0.17 0.16 0.16 0.16 0.15 0.15 0.15 0.15 0.14 0.14 0.14 0.13 0.13 0.12 0.12 0.12 0.11 0.11 0.10 0.10 0.09 0.09 0.09 0.08 0.08 0.07 0.07 0.06 0.06 0.05 0.05 0.04 0.04 0.03 0.03 0.02 0.02 0.01 0.01 0.00 
20.00 20.00 20.00 20.00 20.00 20.00 20.00 20.00 20.00 20.00 20.00 20.00 20.00 20.00 20.00 20.00 20.00 20.00 20.00 20.00 20.00 20.00 20.00 20.00 20.00 20.00 20.00 20.00 20.00 20.00 20.00 20.00 20.00 20.00 20.00 20.00 20.00 20.00 20.00 20.00 20.00 20.00 20.00 20.00 20.00 20.00 20.00 20.00 20.00 20.00 20.00 20.00 20.00 20.00 20.00 20.00 20.00 20.00 20.00 20.00 20.00 20.00 20.00 20.00 20.00 20.00 20.00 20.00 20.00 20.00 20.00 20.00 20.00 20.00 20.00 20.00 20.00 20.00 20.00 20.00 20.00 20.00 20.00 20.00 20.00 20.00 20.00 20.00 20.00 20.00 20.00 20.00 20.00 20.00 20.00 20.00 20.00 20.00 20.00 20.00 20.00 20.00 20.00 20.00 20.00 20.00 20.00 20.00 20.00 20.00 20.00 20.00 20.00 20.00 20.00 20.00 20.00 20.00 20.00 20.00 20.00 20.00 20.00 20.00 20.00 20.00 20.00 20.00 20.00 0.00 
