0.060000
0.050000
0.060000
0.050000
0.060000
0.060000
0.050000
0.060000
0.050000
0.060000
0.050000
0.060000
0.060000
0.050000
0.060000
0.050000
0.060000
0.050000
0.060000
0.060000
0.050000
0.060000
0.050000
0.060000
0.050000
0.060000
0.060000
0.050000
0.060000
0.050000
0.060000
0.050000
0.060000
0.050000
0.060000
0.060000
0.050000
0.060000
0.050000
0.060000
0.060000
0.050000
0.060000
0.050000
0.060000
0.050000
0.060000
0.060000
0.050000
0.060000
0.050000
0.060000
0.060000
0.050000
  5422.523   3986.900 0 # matmult_mkn
