0.020000
0.020000
0.010000
0.020000
0.020000
0.010000
0.020000
0.020000
0.010000
0.020000
0.020000
0.010000
0.020000
0.020000
0.010000
0.020000
0.010000
0.020000
0.020000
0.010000
0.020000
0.020000
0.010000
0.020000
0.020000
0.010000
0.020000
0.020000
0.010000
0.020000
0.010000
0.020000
0.020000
0.010000
0.020000
0.020000
0.010000
0.020000
0.020000
0.010000
0.020000
0.010000
0.020000
0.020000
0.010000
0.020000
0.020000
0.010000
0.020000
0.020000
0.010000
0.020000
0.010000
0.020000
0.020000
0.010000
0.020000
0.020000
0.010000
0.020000
0.020000
0.010000
0.020000
0.010000
0.020000
0.020000
0.010000
0.020000
0.020000
0.010000
0.020000
0.020000
0.010000
0.020000
0.020000
0.010000
0.020000
0.020000
0.010000
0.020000
0.010000
0.020000
0.020000
0.010000
0.020000
0.020000
0.010000
0.020000
0.020000
0.010000
0.020000
0.010000
0.020000
0.020000
0.010000
0.020000
0.020000
0.010000
0.020000
0.020000
0.010000
0.020000
0.020000
0.010000
0.020000
0.010000
0.020000
0.020000
0.010000
0.020000
0.020000
0.010000
0.020000
0.020000
0.010000
0.020000
0.010000
0.020000
0.020000
0.010000
0.020000
0.020000
0.010000
0.020000
0.020000
0.010000
0.020000
0.020000
0.010000
0.020000
0.010000
0.020000
0.020000
0.010000
0.020000
0.020000
0.010000
0.020000
0.020000
0.010000
0.020000
0.010000
0.020000
0.020000
0.010000
0.020000
0.020000
0.010000
0.020000
0.020000
0.010000
0.020000
0.010000
0.020000
0.020000
0.010000
0.020000
0.020000
0.010000
0.020000
0.020000
0.010000
0.020000
0.010000
0.020000
0.020000
0.010000
0.020000
0.020000
0.010000
0.020000
0.020000
0.010000
0.020000
0.020000
0.010000
0.020000
0.010000
0.020000
0.020000
0.010000
0.020000
0.020000
  2415.023   4025.879 0 # matmult_mkn
