0.030000
0.030000
0.040000
0.030000
0.030000
0.040000
0.030000
0.030000
0.040000
0.030000
0.030000
0.040000
0.030000
0.030000
0.030000
0.040000
0.030000
0.030000
0.040000
0.030000
0.030000
0.040000
0.030000
0.030000
0.040000
0.030000
0.040000
0.030000
0.030000
0.040000
0.030000
0.030000
0.040000
0.030000
0.030000
0.040000
0.030000
0.030000
0.030000
0.040000
0.030000
0.030000
0.040000
0.030000
0.030000
0.030000
0.040000
0.030000
0.030000
0.030000
0.040000
0.030000
0.030000
0.040000
0.030000
0.030000
0.030000
0.040000
0.030000
0.030000
0.030000
0.040000
0.030000
0.030000
0.040000
0.030000
0.030000
0.030000
0.040000
0.030000
0.030000
0.040000
0.030000
0.030000
0.030000
0.040000
0.030000
0.030000
0.030000
0.040000
0.030000
0.030000
0.030000
0.040000
0.030000
0.030000
0.040000
0.030000
0.030000
0.040000
0.030000
  3768.773   3908.675 0 # matmult_mkn
