0.060000
0.060000
0.050000
0.060000
0.060000
0.050000
0.060000
0.060000
0.050000
0.060000
0.060000
0.050000
0.060000
0.050000
0.060000
0.060000
0.050000
0.060000
0.060000
0.050000
0.060000
0.050000
0.060000
0.060000
0.050000
0.060000
0.050000
0.060000
0.060000
0.050000
0.060000
0.050000
0.060000
0.060000
0.050000
0.060000
0.050000
0.060000
0.050000
0.060000
0.060000
0.050000
0.060000
0.050000
0.060000
0.060000
0.050000
0.060000
0.060000
0.050000
0.060000
0.060000
0.050000
0.060000
  5422.523   3957.522 0 # matmult_mkn
