0.030000
0.020000
0.030000
0.020000
0.020000
0.030000
0.020000
0.020000
0.030000
0.020000
0.030000
0.020000
0.020000
0.030000
0.020000
0.020000
0.030000
0.020000
0.020000
0.030000
0.020000
0.030000
0.020000
0.020000
0.030000
0.020000
0.020000
0.030000
0.020000
0.020000
0.030000
0.020000
0.020000
0.030000
0.020000
0.030000
0.020000
0.020000
0.030000
0.020000
0.020000
0.030000
0.020000
0.020000
0.030000
0.020000
0.020000
0.030000
0.020000
0.020000
0.030000
0.020000
0.030000
0.020000
0.020000
0.030000
0.020000
0.020000
0.030000
0.020000
0.020000
0.030000
0.020000
0.020000
0.030000
0.020000
0.030000
0.020000
0.020000
0.030000
0.020000
0.020000
0.030000
0.020000
0.030000
0.020000
0.020000
0.030000
0.020000
0.020000
0.030000
0.020000
0.020000
0.030000
0.020000
0.020000
0.030000
0.020000
0.020000
0.030000
0.020000
0.020000
0.030000
0.020000
0.030000
0.020000
0.020000
0.030000
0.020000
0.020000
0.030000
0.020000
0.020000
0.030000
0.020000
0.020000
0.030000
0.020000
0.020000
0.030000
0.020000
0.020000
0.030000
0.020000
0.030000
0.020000
0.020000
0.030000
0.020000
0.020000
0.030000
0.020000
0.020000
0.030000
0.020000
0.020000
0.030000
0.020000
  1361.273   1186.111 0 # matmult_nkm
