0.030000
0.020000
0.030000
0.020000
0.020000
0.030000
0.020000
0.020000
0.030000
0.020000
0.030000
0.020000
0.020000
0.030000
0.020000
0.030000
0.020000
0.020000
0.030000
0.020000
0.020000
0.030000
0.020000
0.030000
0.020000
0.030000
0.020000
0.030000
0.020000
0.030000
0.020000
0.020000
0.030000
0.020000
0.030000
0.020000
0.030000
0.020000
0.030000
0.020000
0.030000
0.020000
0.030000
0.020000
0.030000
0.020000
0.030000
0.020000
0.030000
0.020000
0.030000
0.020000
0.030000
0.020000
0.030000
0.020000
0.030000
0.020000
0.020000
0.020000
0.020000
0.030000
0.020000
0.030000
0.020000
0.030000
0.020000
0.030000
0.020000
0.030000
0.020000
0.030000
0.020000
0.030000
0.020000
0.020000
0.030000
0.020000
0.020000
0.030000
0.020000
0.030000
0.020000
0.020000
0.030000
0.020000
0.020000
0.030000
0.020000
0.030000
0.020000
0.020000
0.030000
0.020000
0.020000
0.030000
0.020000
0.030000
0.020000
0.020000
0.030000
0.020000
0.020000
0.030000
0.020000
0.030000
0.020000
0.020000
0.030000
0.020000
0.020000
0.030000
0.020000
0.020000
0.030000
0.020000
0.020000
0.030000
0.020000
0.020000
0.030000
0.020000
0.020000
0.030000
0.020000
  1361.273   1158.581 0 # matmult_nkm
