Jacobi
N: 128
Iterations: 1000
Distance: 0.225366380152530327
20.00 20.00 20.00 20.00 20.00 20.00 20.00 20.00 20.00 20.00 20.00 20.00 20.00 20.00 20.00 20.00 20.00 20.00 20.00 20.00 20.00 20.00 20.00 20.00 20.00 20.00 20.00 20.00 20.00 20.00 20.00 20.00 20.00 20.00 20.00 20.00 20.00 20.00 20.00 20.00 20.00 20.00 20.00 20.00 20.00 20.00 20.00 20.00 20.00 20.00 20.00 20.00 20.00 20.00 20.00 20.00 20.00 20.00 20.00 20.00 20.00 20.00 20.00 20.00 20.00 20.00 20.00 20.00 20.00 20.00 20.00 20.00 20.00 20.00 20.00 20.00 20.00 20.00 20.00 20.00 20.00 20.00 20.00 20.00 20.00 20.00 20.00 20.00 20.00 20.00 20.00 20.00 20.00 20.00 20.00 20.00 20.00 20.00 20.00 20.00 20.00 20.00 20.00 20.00 20.00 20.00 20.00 20.00 20.00 20.00 20.00 20.00 20.00 20.00 20.00 20.00 20.00 20.00 20.00 20.00 20.00 20.00 20.00 20.00 20.00 20.00 20.00 20.00 20.00 20.00 
20.00 19.99 19.97 19.96 19.95 19.94 19.92 19.91 19.90 19.89 19.88 19.87 19.85 19.84 19.83 19.82 19.81 19.80 19.79 19.78 19.78 19.77 19.76 19.75 19.74 19.74 19.73 19.72 19.72 19.71 19.71 19.70 19.70 19.69 19.69 19.69 19.68 19.68 19.68 19.67 19.67 19.67 19.66 19.66 19.66 19.66 19.66 19.66 19.65 19.65 19.65 19.65 19.65 19.65 19.65 19.65 19.65 19.65 19.65 19.65 19.65 19.64 19.64 19.64 19.64 19.64 19.64 19.64 19.64 19.64 19.64 19.64 19.64 19.64 19.64 19.64 19.64 19.63 19.63 19.63 19.63 19.63 19.63 19.62 19.62 19.62 19.62 19.61 19.61 19.61 19.60 19.60 19.59 19.59 19.58 19.57 19.56 19.56 19.55 19.54 19.52 19.51 19.50 19.48 19.47 19.45 19.43 19.40 19.38 19.35 19.32 19.28 19.24 19.20 19.14 19.09 19.02 18.94 18.84 18.73 18.58 18.41 18.18 17.88 17.46 16.83 15.81 13.95 10.00 0.00 
20.00 19.97 19.95 19.92 19.90 19.87 19.85 19.82 19.80 19.78 19.75 19.73 19.71 19.69 19.67 19.65 19.63 19.61 19.59 19.57 19.55 19.54 19.52 19.50 19.49 19.48 19.46 19.45 19.44 19.43 19.42 19.41 19.40 19.39 19.38 19.37 19.36 19.36 19.35 19.35 19.34 19.34 19.33 19.33 19.32 19.32 19.32 19.31 19.31 19.31 19.31 19.30 19.30 19.30 19.30 19.30 19.30 19.29 19.29 19.29 19.29 19.29 19.29 19.29 19.29 19.29 19.29 19.28 19.28 19.28 19.28 19.28 19.28 19.28 19.28 19.27 19.27 19.27 19.27 19.26 19.26 19.26 19.25 19.25 19.25 19.24 19.23 19.23 19.22 19.21 19.20 19.19 19.18 19.17 19.16 19.14 19.13 19.11 19.09 19.07 19.05 19.02 19.00 18.97 18.93 18.90 18.85 18.81 18.76 18.70 18.64 18.57 18.49 18.40 18.30 18.18 18.04 17.89 17.70 17.48 17.20 16.87 16.44 15.88 15.12 14.05 12.47 10.00 6.05 0.00 
20.00 19.96 19.92 19.89 19.85 19.81 19.77 19.74 19.70 19.67 19.63 19.60 19.56 19.53 19.50 19.47 19.44 19.41 19.38 19.36 19.33 19.30 19.28 19.26 19.24 19.21 19.19 19.18 19.16 19.14 19.13 19.11 19.10 19.08 19.07 19.06 19.05 19.04 19.03 19.02 19.01 19.00 19.00 18.99 18.99 18.98 18.98 18.97 18.97 18.96 18.96 18.96 18.95 18.95 18.95 18.95 18.95 18.94 18.94 18.94 18.94 18.94 18.94 18.93 18.93 18.93 18.93 18.93 18.93 18.93 18.92 18.92 18.92 18.92 18.92 18.91 18.91 18.91 18.90 18.90 18.89 18.89 18.88 18.88 18.87 18.86 18.85 18.84 18.83 18.82 18.81 18.79 18.78 18.76 18.74 18.72 18.70 18.67 18.64 18.61 18.58 18.54 18.50 18.45 18.40 18.35 18.29 18.22 18.14 18.06 17.97 17.86 17.75 17.62 17.47 17.29 17.10 16.87 16.60 16.28 15.89 15.42 14.83 14.07 13.09 11.79 10.00 7.53 4.19 0.00 
20.00 19.95 19.90 19.85 19.80 19.75 19.70 19.65 19.60 19.56 19.51 19.46 19.42 19.38 19.34 19.29 19.25 19.22 19.18 19.14 19.11 19.07 19.04 19.01 18.98 18.96 18.93 18.90 18.88 18.86 18.84 18.82 18.80 18.78 18.76 18.75 18.73 18.72 18.71 18.70 18.69 18.68 18.67 18.66 18.65 18.64 18.64 18.63 18.63 18.62 18.62 18.61 18.61 18.61 18.60 18.60 18.60 18.59 18.59 18.59 18.59 18.59 18.58 18.58 18.58 18.58 18.58 18.58 18.57 18.57 18.57 18.57 18.56 18.56 18.56 18.55 18.55 18.55 18.54 18.54 18.53 18.52 18.51 18.51 18.50 18.49 18.47 18.46 18.45 18.43 18.41 18.40 18.37 18.35 18.33 18.30 18.27 18.23 18.20 18.15 18.11 18.06 18.01 17.95 17.88 17.81 17.73 17.64 17.54 17.43 17.31 17.17 17.02 16.85 16.66 16.43 16.18 15.89 15.54 15.14 14.66 14.08 13.38 12.50 11.40 10.00 8.21 5.95 3.17 0.00 
20.00 19.94 19.87 19.81 19.75 19.69 19.63 19.57 19.51 19.45 19.39 19.33 19.28 19.22 19.17 19.12 19.07 19.02 18.98 18.93 18.89 18.85 18.81 18.77 18.73 18.70 18.66 18.63 18.60 18.58 18.55 18.52 18.50 18.48 18.46 18.44 18.42 18.40 18.39 18.37 18.36 18.35 18.34 18.33 18.32 18.31 18.30 18.29 18.29 18.28 18.28 18.27 18.27 18.26 18.26 18.25 18.25 18.25 18.25 18.24 18.24 18.24 18.24 18.23 18.23 18.23 18.23 18.22 18.22 18.22 18.22 18.21 18.21 18.21 18.20 18.20 18.19 18.19 18.18 18.18 18.17 18.16 18.15 18.14 18.13 18.11 18.10 18.08 18.07 18.05 18.03 18.00 17.98 17.95 17.91 17.88 17.84 17.80 17.75 17.70 17.65 17.59 17.52 17.45 17.36 17.27 17.18 17.07 16.95 16.81 16.67 16.50 16.31 16.11 15.87 15.61 15.30 14.95 14.55 14.08 13.53 12.88 12.09 11.15 10.00 8.60 6.91 4.88 2.54 0.00 
20.00 19.92 19.85 19.77 19.70 19.63 19.55 19.48 19.41 19.34 19.27 19.20 19.14 19.07 19.01 18.95 18.89 18.83 18.78 18.72 18.67 18.62 18.57 18.53 18.48 18.44 18.40 18.37 18.33 18.30 18.27 18.24 18.21 18.18 18.16 18.13 18.11 18.09 18.07 18.06 18.04 18.03 18.01 18.00 17.99 17.98 17.97 17.96 17.95 17.94 17.94 17.93 17.93 17.92 17.92 17.91 17.91 17.91 17.90 17.90 17.90 17.89 17.89 17.89 17.89 17.88 17.88 17.88 17.87 17.87 17.87 17.86 17.86 17.86 17.85 17.85 17.84 17.83 17.83 17.82 17.81 17.80 17.79 17.78 17.76 17.75 17.73 17.71 17.69 17.67 17.64 17.61 17.58 17.55 17.51 17.47 17.42 17.37 17.32 17.26 17.19 17.12 17.04 16.95 16.86 16.75 16.64 16.51 16.37 16.21 16.04 15.85 15.63 15.39 15.12 14.82 14.47 14.08 13.63 13.11 12.50 11.80 10.97 10.00 8.85 7.50 5.93 4.12 2.12 0.00 
20.00 19.91 19.82 19.74 19.65 19.57 19.48 19.40 19.31 19.23 19.15 19.07 19.00 18.92 18.85 18.78 18.71 18.64 18.58 18.52 18.46 18.40 18.34 18.29 18.24 18.19 18.15 18.10 18.06 18.02 17.99 17.95 17.92 17.89 17.86 17.83 17.81 17.78 17.76 17.74 17.72 17.71 17.69 17.68 17.66 17.65 17.64 17.63 17.62 17.61 17.60 17.60 17.59 17.59 17.58 17.58 17.57 17.57 17.56 17.56 17.56 17.55 17.55 17.55 17.54 17.54 17.54 17.53 17.53 17.53 17.52 17.52 17.52 17.51 17.50 17.50 17.49 17.48 17.48 17.47 17.46 17.44 17.43 17.42 17.40 17.38 17.36 17.34 17.32 17.29 17.26 17.23 17.19 17.15 17.11 17.06 17.01 16.95 16.89 16.82 16.74 16.66 16.57 16.47 16.36 16.24 16.11 15.96 15.80 15.63 15.43 15.21 14.97 14.70 14.40 14.07 13.69 13.26 12.77 12.21 11.58 10.84 10.00 9.03 7.91 6.63 5.18 3.56 1.82 0.00 
20.00 19.90 19.80 19.70 19.60 19.51 19.41 19.31 19.22 19.13 19.04 18.95 18.86 18.77 18.69 18.61 18.53 18.46 18.38 18.31 18.24 18.18 18.12 18.06 18.00 17.94 17.89 17.84 17.79 17.75 17.71 17.67 17.63 17.60 17.57 17.53 17.51 17.48 17.46 17.43 17.41 17.39 17.37 17.36 17.34 17.33 17.32 17.30 17.29 17.28 17.28 17.27 17.26 17.25 17.25 17.24 17.24 17.23 17.23 17.22 17.22 17.22 17.21 17.21 17.21 17.20 17.20 17.20 17.19 17.19 17.18 17.18 17.17 17.17 17.16 17.16 17.15 17.14 17.13 17.12 17.11 17.09 17.08 17.06 17.04 17.02 17.00 16.98 16.95 16.92 16.89 16.85 16.81 16.76 16.72 16.66 16.60 16.54 16.47 16.39 16.31 16.21 16.11 16.00 15.88 15.74 15.60 15.43 15.26 15.06 14.85 14.61 14.34 14.05 13.72 13.36 12.95 12.50 11.98 11.40 10.75 10.00 9.16 8.20 7.13 5.92 4.59 3.13 1.59 0.00 
20.00 19.89 19.78 19.67 19.56 19.45 19.34 19.23 19.13 19.02 18.92 18.82 18.72 18.63 18.54 18.45 18.36 18.27 18.19 18.11 18.03 17.96 17.89 17.82 17.76 17.70 17.64 17.59 17.53 17.48 17.44 17.39 17.35 17.31 17.28 17.24 17.21 17.18 17.15 17.13 17.10 17.08 17.06 17.04 17.03 17.01 17.00 16.98 16.97 16.96 16.95 16.94 16.94 16.93 16.92 16.92 16.91 16.90 16.90 16.89 16.89 16.89 16.88 16.88 16.88 16.87 16.87 16.86 16.86 16.86 16.85 16.84 16.84 16.83 16.83 16.82 16.81 16.80 16.79 16.78 16.76 16.75 16.73 16.71 16.69 16.67 16.65 16.62 16.59 16.55 16.52 16.48 16.43 16.38 16.33 16.27 16.20 16.13 16.06 15.97 15.88 15.77 15.66 15.54 15.41 15.26 15.10 14.92 14.73 14.52 14.28 14.03 13.74 13.43 13.08 12.70 12.27 11.79 11.26 10.67 10.00 9.26 8.43 7.50 6.47 5.34 4.11 2.80 1.42 0.00 
20.00 19.88 19.75 19.63 19.51 19.39 19.27 19.15 19.04 18.92 18.81 18.70 18.59 18.49 18.38 18.28 18.19 18.09 18.00 17.91 17.83 17.75 17.67 17.60 17.53 17.46 17.39 17.33 17.28 17.22 17.17 17.12 17.07 17.03 16.99 16.95 16.92 16.89 16.86 16.83 16.80 16.78 16.76 16.74 16.72 16.70 16.68 16.67 16.66 16.65 16.63 16.62 16.62 16.61 16.60 16.59 16.59 16.58 16.58 16.57 16.57 16.56 16.56 16.55 16.55 16.55 16.54 16.54 16.53 16.53 16.52 16.52 16.51 16.50 16.50 16.49 16.48 16.47 16.45 16.44 16.43 16.41 16.39 16.37 16.35 16.33 16.30 16.27 16.24 16.20 16.16 16.11 16.06 16.01 15.95 15.89 15.82 15.74 15.65 15.56 15.46 15.35 15.23 15.09 14.95 14.79 14.62 14.43 14.22 14.00 13.75 13.47 13.17 12.84 12.48 12.08 11.64 11.15 10.60 10.00 9.34 8.60 7.79 6.90 5.92 4.86 3.73 2.53 1.28 0.00 
20.00 19.87 19.73 19.60 19.46 19.33 19.20 19.07 18.95 18.82 18.70 18.58 18.46 18.35 18.23 18.12 18.02 17.92 17.82 17.72 17.63 17.54 17.46 17.37 17.30 17.22 17.15 17.09 17.02 16.96 16.91 16.85 16.80 16.76 16.71 16.67 16.63 16.60 16.57 16.54 16.51 16.48 16.46 16.43 16.41 16.40 16.38 16.36 16.35 16.34 16.32 16.31 16.30 16.29 16.29 16.28 16.27 16.27 16.26 16.25 16.25 16.24 16.24 16.23 16.23 16.23 16.22 16.22 16.21 16.21 16.20 16.19 16.19 16.18 16.17 16.16 16.15 16.14 16.13 16.11 16.10 16.08 16.06 16.04 16.01 15.99 15.96 15.93 15.89 15.85 15.81 15.76 15.70 15.65 15.58 15.51 15.44 15.35 15.26 15.16 15.05 14.93 14.80 14.66 14.51 14.34 14.16 13.95 13.74 13.50 13.23 12.95 12.63 12.29 11.91 11.50 11.05 10.55 10.00 9.40 8.74 8.02 7.23 6.38 5.45 4.46 3.41 2.30 1.16 0.00 
20.00 19.85 19.71 19.56 19.42 19.28 19.14 19.00 18.86 18.72 18.59 18.46 18.33 18.21 18.09 17.97 17.85 17.74 17.64 17.53 17.43 17.34 17.25 17.16 17.07 16.99 16.92 16.85 16.78 16.71 16.65 16.59 16.54 16.49 16.44 16.40 16.36 16.32 16.28 16.25 16.22 16.19 16.16 16.14 16.12 16.10 16.08 16.06 16.05 16.03 16.02 16.01 16.00 15.99 15.98 15.97 15.96 15.96 15.95 15.94 15.94 15.93 15.93 15.92 15.92 15.91 15.91 15.90 15.90 15.89 15.89 15.88 15.87 15.86 15.85 15.84 15.83 15.82 15.81 15.79 15.78 15.76 15.74 15.71 15.69 15.66 15.63 15.59 15.55 15.51 15.46 15.41 15.35 15.29 15.22 15.15 15.07 14.98 14.88 14.77 14.66 14.53 14.39 14.24 14.08 13.90 13.71 13.50 13.27 13.02 12.75 12.45 12.13 11.77 11.39 10.97 10.51 10.00 9.46 8.86 8.21 7.51 6.75 5.93 5.05 4.12 3.14 2.11 1.06 0.00 
20.00 19.84 19.69 19.53 19.38 19.22 19.07 18.92 18.77 18.63 18.49 18.35 18.21 18.07 17.94 17.82 17.69 17.57 17.46 17.35 17.24 17.14 17.04 16.94 16.85 16.77 16.69 16.61 16.54 16.47 16.40 16.34 16.28 16.23 16.18 16.13 16.08 16.04 16.00 15.97 15.93 15.90 15.88 15.85 15.83 15.80 15.78 15.77 15.75 15.74 15.72 15.71 15.70 15.69 15.68 15.67 15.66 15.65 15.65 15.64 15.63 15.63 15.62 15.62 15.61 15.61 15.60 15.60 15.59 15.59 15.58 15.57 15.56 15.56 15.55 15.54 15.52 15.51 15.50 15.48 15.46 15.44 15.42 15.39 15.37 15.34 15.30 15.26 15.22 15.18 15.13 15.07 15.01 14.95 14.87 14.80 14.71 14.62 14.51 14.40 14.28 14.15 14.00 13.84 13.67 13.49 13.28 13.06 12.83 12.57 12.28 11.98 11.65 11.29 10.89 10.47 10.01 9.50 8.96 8.37 7.74 7.05 6.32 5.53 4.70 3.82 2.91 1.96 0.98 0.00 
20.00 19.83 19.67 19.50 19.34 19.17 19.01 18.85 18.69 18.54 18.38 18.23 18.09 17.94 17.80 17.67 17.54 17.41 17.29 17.17 17.05 16.94 16.84 16.74 16.64 16.55 16.46 16.38 16.30 16.23 16.16 16.09 16.03 15.97 15.92 15.87 15.82 15.77 15.73 15.69 15.66 15.63 15.60 15.57 15.54 15.52 15.50 15.48 15.46 15.45 15.43 15.42 15.41 15.39 15.38 15.38 15.37 15.36 15.35 15.35 15.34 15.33 15.33 15.32 15.32 15.31 15.31 15.30 15.29 15.29 15.28 15.27 15.26 15.26 15.24 15.23 15.22 15.21 15.19 15.17 15.16 15.13 15.11 15.08 15.05 15.02 14.99 14.95 14.90 14.86 14.80 14.75 14.68 14.61 14.54 14.45 14.36 14.26 14.16 14.04 13.91 13.77 13.62 13.46 13.28 13.09 12.88 12.65 12.40 12.14 11.85 11.54 11.20 10.83 10.44 10.01 9.54 9.05 8.51 7.93 7.31 6.65 5.94 5.19 4.40 3.57 2.71 1.82 0.92 0.00 
20.00 19.82 19.65 19.47 19.29 19.12 18.95 18.78 18.61 18.45 18.28 18.12 17.97 17.82 17.67 17.52 17.39 17.25 17.12 16.99 16.87 16.76 16.64 16.54 16.43 16.34 16.24 16.16 16.07 15.99 15.92 15.85 15.78 15.72 15.66 15.61 15.56 15.51 15.47 15.43 15.39 15.36 15.33 15.30 15.27 15.24 15.22 15.20 15.18 15.17 15.15 15.14 15.12 15.11 15.10 15.09 15.08 15.07 15.07 15.06 15.05 15.05 15.04 15.03 15.03 15.02 15.02 15.01 15.00 15.00 14.99 14.98 14.97 14.96 14.95 14.94 14.93 14.91 14.90 14.88 14.86 14.84 14.81 14.78 14.75 14.72 14.68 14.64 14.59 14.54 14.49 14.43 14.36 14.29 14.21 14.12 14.03 13.92 13.81 13.69 13.56 13.41 13.26 13.09 12.90 12.70 12.49 12.25 12.00 11.73 11.44 11.12 10.78 10.41 10.01 9.58 9.12 8.63 8.10 7.53 6.93 6.28 5.60 4.88 4.13 3.35 2.54 1.70 0.86 0.00 
20.00 19.81 19.63 19.44 19.25 19.07 18.89 18.71 18.53 18.36 18.19 18.02 17.85 17.69 17.54 17.39 17.24 17.10 16.96 16.82 16.70 16.57 16.45 16.34 16.23 16.13 16.03 15.94 15.85 15.77 15.69 15.62 15.55 15.48 15.42 15.36 15.31 15.26 15.21 15.17 15.13 15.10 15.06 15.03 15.00 14.98 14.95 14.93 14.91 14.89 14.88 14.86 14.85 14.84 14.82 14.81 14.80 14.80 14.79 14.78 14.77 14.77 14.76 14.75 14.75 14.74 14.74 14.73 14.72 14.72 14.71 14.70 14.69 14.68 14.67 14.66 14.64 14.63 14.61 14.59 14.57 14.55 14.52 14.49 14.46 14.42 14.39 14.34 14.29 14.24 14.18 14.12 14.05 13.98 13.89 13.80 13.70 13.60 13.48 13.35 13.22 13.07 12.91 12.73 12.54 12.34 12.12 11.88 11.62 11.35 11.05 10.73 10.38 10.01 9.61 9.19 8.73 8.24 7.72 7.17 6.58 5.96 5.30 4.62 3.90 3.15 2.39 1.60 0.80 0.00 
20.00 19.80 19.61 19.41 19.22 19.02 18.83 18.64 18.46 18.27 18.09 17.92 17.74 17.57 17.41 17.25 17.10 16.94 16.80 16.66 16.52 16.40 16.27 16.15 16.04 15.93 15.83 15.73 15.64 15.55 15.47 15.39 15.32 15.25 15.18 15.12 15.07 15.01 14.97 14.92 14.88 14.84 14.81 14.77 14.74 14.72 14.69 14.67 14.65 14.63 14.61 14.60 14.58 14.57 14.56 14.55 14.54 14.53 14.52 14.51 14.50 14.50 14.49 14.48 14.48 14.47 14.46 14.46 14.45 14.44 14.44 14.43 14.42 14.41 14.39 14.38 14.37 14.35 14.33 14.31 14.29 14.27 14.24 14.21 14.18 14.14 14.10 14.05 14.00 13.95 13.89 13.83 13.75 13.68 13.59 13.50 13.39 13.28 13.16 13.03 12.89 12.74 12.57 12.39 12.20 11.99 11.77 11.52 11.26 10.98 10.68 10.36 10.01 9.64 9.25 8.82 8.37 7.89 7.38 6.84 6.27 5.67 5.04 4.38 3.69 2.98 2.26 1.51 0.76 0.00 
20.00 19.79 19.59 19.38 19.18 18.98 18.78 18.58 18.38 18.19 18.00 17.82 17.64 17.46 17.29 17.12 16.96 16.80 16.65 16.50 16.36 16.22 16.09 15.97 15.85 15.74 15.63 15.53 15.43 15.34 15.25 15.17 15.09 15.02 14.95 14.89 14.83 14.78 14.73 14.68 14.64 14.60 14.56 14.53 14.49 14.47 14.44 14.42 14.39 14.37 14.36 14.34 14.32 14.31 14.30 14.29 14.28 14.27 14.26 14.25 14.24 14.24 14.23 14.22 14.22 14.21 14.20 14.20 14.19 14.18 14.17 14.16 14.15 14.14 14.13 14.12 14.10 14.09 14.07 14.05 14.02 14.00 13.97 13.94 13.90 13.87 13.82 13.78 13.73 13.67 13.61 13.54 13.47 13.39 13.30 13.20 13.10 12.98 12.86 12.73 12.58 12.42 12.25 12.07 11.87 11.66 11.43 11.19 10.92 10.64 10.34 10.02 9.67 9.30 8.91 8.49 8.04 7.57 7.07 6.54 5.99 5.40 4.80 4.16 3.51 2.83 2.14 1.43 0.72 0.00 
20.00 19.78 19.57 19.36 19.14 18.93 18.72 18.52 18.31 18.11 17.91 17.72 17.53 17.35 17.17 16.99 16.82 16.66 16.50 16.35 16.20 16.06 15.92 15.79 15.67 15.55 15.44 15.33 15.23 15.13 15.04 14.96 14.88 14.80 14.73 14.67 14.61 14.55 14.50 14.45 14.40 14.36 14.32 14.29 14.25 14.22 14.20 14.17 14.15 14.13 14.11 14.09 14.08 14.06 14.05 14.04 14.03 14.02 14.01 14.00 13.99 13.98 13.98 13.97 13.96 13.96 13.95 13.94 13.93 13.93 13.92 13.91 13.90 13.89 13.87 13.86 13.85 13.83 13.81 13.79 13.76 13.74 13.71 13.68 13.64 13.60 13.56 13.51 13.46 13.40 13.34 13.27 13.19 13.11 13.02 12.92 12.81 12.70 12.57 12.43 12.28 12.12 11.95 11.77 11.57 11.35 11.12 10.87 10.61 10.32 10.02 9.69 9.35 8.98 8.59 8.18 7.74 7.27 6.78 6.27 5.73 5.17 4.58 3.97 3.34 2.70 2.04 1.36 0.68 0.00 
20.00 19.78 19.55 19.33 19.11 18.89 18.67 18.46 18.24 18.03 17.83 17.63 17.43 17.24 17.05 16.87 16.70 16.52 16.36 16.20 16.05 15.90 15.76 15.62 15.49 15.37 15.25 15.14 15.04 14.94 14.84 14.75 14.67 14.59 14.52 14.45 14.39 14.33 14.27 14.22 14.18 14.13 14.09 14.06 14.02 13.99 13.96 13.94 13.91 13.89 13.87 13.85 13.84 13.82 13.81 13.80 13.79 13.78 13.77 13.76 13.75 13.74 13.73 13.73 13.72 13.71 13.71 13.70 13.69 13.68 13.67 13.66 13.65 13.64 13.63 13.62 13.60 13.58 13.56 13.54 13.52 13.49 13.46 13.43 13.39 13.35 13.30 13.26 13.20 13.14 13.08 13.01 12.93 12.84 12.75 12.65 12.54 12.42 12.29 12.15 12.00 11.84 11.66 11.48 11.27 11.06 10.82 10.57 10.31 10.02 9.72 9.39 9.05 8.69 8.30 7.89 7.46 7.00 6.52 6.02 5.50 4.95 4.38 3.80 3.19 2.58 1.94 1.30 0.65 0.00 
20.00 19.77 19.54 19.30 19.07 18.85 18.62 18.40 18.18 17.96 17.75 17.54 17.34 17.14 16.94 16.76 16.57 16.40 16.22 16.06 15.90 15.75 15.60 15.46 15.33 15.20 15.08 14.96 14.85 14.75 14.65 14.56 14.47 14.39 14.32 14.25 14.18 14.12 14.06 14.01 13.96 13.91 13.87 13.83 13.80 13.77 13.74 13.71 13.69 13.66 13.64 13.62 13.61 13.59 13.58 13.57 13.55 13.54 13.53 13.53 13.52 13.51 13.50 13.49 13.49 13.48 13.47 13.46 13.46 13.45 13.44 13.43 13.42 13.41 13.39 13.38 13.36 13.35 13.33 13.30 13.28 13.25 13.22 13.19 13.15 13.11 13.06 13.01 12.96 12.90 12.83 12.76 12.68 12.59 12.49 12.39 12.28 12.16 12.03 11.89 11.73 11.57 11.39 11.20 11.00 10.78 10.54 10.29 10.03 9.74 9.44 9.12 8.77 8.41 8.03 7.63 7.20 6.75 6.29 5.80 5.29 4.76 4.21 3.64 3.06 2.47 1.86 1.25 0.62 0.00 
20.00 19.76 19.52 19.28 19.04 18.81 18.57 18.34 18.12 17.89 17.67 17.46 17.25 17.04 16.84 16.64 16.45 16.27 16.09 15.92 15.76 15.60 15.45 15.30 15.16 15.03 14.91 14.79 14.67 14.57 14.47 14.37 14.28 14.20 14.12 14.05 13.98 13.92 13.86 13.80 13.75 13.70 13.66 13.62 13.59 13.55 13.52 13.49 13.47 13.45 13.42 13.41 13.39 13.37 13.36 13.34 13.33 13.32 13.31 13.30 13.29 13.29 13.28 13.27 13.26 13.26 13.25 13.24 13.23 13.22 13.22 13.21 13.19 13.18 13.17 13.15 13.14 13.12 13.10 13.08 13.05 13.02 12.99 12.96 12.92 12.88 12.83 12.78 12.72 12.66 12.59 12.52 12.44 12.35 12.25 12.15 12.03 11.91 11.78 11.63 11.48 11.31 11.13 10.94 10.74 10.52 10.28 10.03 9.76 9.48 9.18 8.86 8.52 8.16 7.78 7.38 6.96 6.53 6.07 5.59 5.10 4.58 4.05 3.50 2.94 2.37 1.79 1.20 0.60 0.00 
20.00 19.75 19.50 19.26 19.01 18.77 18.53 18.29 18.06 17.82 17.60 17.37 17.16 16.94 16.74 16.54 16.34 16.15 15.97 15.79 15.62 15.46 15.30 15.15 15.01 14.87 14.74 14.62 14.50 14.39 14.29 14.19 14.10 14.01 13.93 13.86 13.79 13.72 13.66 13.60 13.55 13.50 13.46 13.42 13.38 13.35 13.32 13.29 13.26 13.24 13.21 13.20 13.18 13.16 13.15 13.13 13.12 13.11 13.10 13.09 13.08 13.07 13.07 13.06 13.05 13.04 13.03 13.03 13.02 13.01 13.00 12.99 12.98 12.97 12.95 12.94 12.92 12.90 12.88 12.86 12.83 12.80 12.77 12.74 12.70 12.66 12.61 12.56 12.50 12.44 12.37 12.29 12.21 12.12 12.02 11.92 11.80 11.68 11.54 11.40 11.24 11.07 10.89 10.70 10.49 10.27 10.04 9.78 9.52 9.23 8.93 8.61 8.28 7.92 7.55 7.16 6.75 6.32 5.87 5.40 4.92 4.42 3.91 3.38 2.84 2.28 1.72 1.15 0.58 0.00 
20.00 19.74 19.49 19.24 18.98 18.73 18.48 18.24 18.00 17.76 17.53 17.30 17.07 16.85 16.64 16.43 16.23 16.04 15.85 15.67 15.49 15.33 15.16 15.01 14.86 14.72 14.59 14.46 14.34 14.23 14.12 14.02 13.93 13.84 13.75 13.68 13.60 13.54 13.47 13.42 13.36 13.31 13.27 13.22 13.19 13.15 13.12 13.09 13.06 13.04 13.01 12.99 12.98 12.96 12.94 12.93 12.92 12.91 12.90 12.89 12.88 12.87 12.86 12.85 12.85 12.84 12.83 12.82 12.81 12.81 12.80 12.79 12.77 12.76 12.75 12.73 12.72 12.70 12.68 12.65 12.63 12.60 12.57 12.53 12.49 12.45 12.40 12.35 12.29 12.22 12.15 12.08 11.99 11.90 11.80 11.70 11.58 11.45 11.32 11.17 11.01 10.85 10.66 10.47 10.26 10.04 9.81 9.55 9.29 9.01 8.71 8.39 8.06 7.71 7.34 6.95 6.55 6.13 5.69 5.23 4.76 4.28 3.78 3.26 2.74 2.20 1.66 1.11 0.56 0.00 
20.00 19.74 19.48 19.21 18.96 18.70 18.44 18.19 17.94 17.70 17.46 17.22 16.99 16.77 16.55 16.34 16.13 15.93 15.74 15.55 15.37 15.20 15.03 14.87 14.72 14.58 14.44 14.31 14.19 14.07 13.96 13.86 13.76 13.67 13.58 13.50 13.43 13.36 13.30 13.24 13.18 13.13 13.08 13.04 13.00 12.96 12.93 12.90 12.87 12.85 12.82 12.80 12.78 12.77 12.75 12.74 12.73 12.71 12.70 12.69 12.68 12.68 12.67 12.66 12.65 12.64 12.64 12.63 12.62 12.61 12.60 12.59 12.58 12.57 12.55 12.54 12.52 12.50 12.48 12.46 12.43 12.40 12.37 12.33 12.29 12.25 12.20 12.15 12.09 12.02 11.95 11.87 11.79 11.70 11.60 11.49 11.37 11.24 11.11 10.96 10.80 10.63 10.45 10.26 10.05 9.83 9.59 9.34 9.07 8.79 8.50 8.18 7.85 7.51 7.14 6.76 6.37 5.95 5.52 5.08 4.62 4.15 3.66 3.16 2.65 2.13 1.61 1.07 0.54 0.00 
20.00 19.73 19.46 19.19 18.93 18.66 18.40 18.15 17.89 17.64 17.39 17.15 16.92 16.69 16.46 16.24 16.03 15.83 15.63 15.44 15.25 15.08 14.91 14.74 14.59 14.44 14.30 14.17 14.04 13.92 13.81 13.70 13.60 13.51 13.42 13.34 13.26 13.19 13.13 13.06 13.01 12.96 12.91 12.86 12.82 12.79 12.75 12.72 12.69 12.67 12.64 12.62 12.60 12.59 12.57 12.56 12.54 12.53 12.52 12.51 12.50 12.49 12.48 12.48 12.47 12.46 12.45 12.44 12.44 12.43 12.42 12.41 12.40 12.38 12.37 12.35 12.34 12.32 12.30 12.27 12.24 12.21 12.18 12.15 12.10 12.06 12.01 11.96 11.90 11.83 11.76 11.68 11.60 11.50 11.40 11.29 11.18 11.05 10.91 10.76 10.60 10.43 10.25 10.06 9.85 9.63 9.39 9.14 8.88 8.60 8.30 7.99 7.67 7.32 6.96 6.59 6.20 5.79 5.37 4.94 4.49 4.03 3.55 3.07 2.57 2.07 1.56 1.04 0.52 0.00 
20.00 19.72 19.45 19.18 18.90 18.63 18.37 18.10 17.84 17.59 17.33 17.09 16.85 16.61 16.38 16.16 15.94 15.73 15.53 15.33 15.14 14.96 14.79 14.62 14.46 14.31 14.17 14.03 13.90 13.78 13.66 13.55 13.45 13.36 13.27 13.18 13.11 13.03 12.96 12.90 12.84 12.79 12.74 12.70 12.65 12.62 12.58 12.55 12.52 12.50 12.47 12.45 12.43 12.41 12.40 12.38 12.37 12.36 12.35 12.34 12.33 12.32 12.31 12.30 12.29 12.29 12.28 12.27 12.26 12.25 12.24 12.23 12.22 12.21 12.19 12.18 12.16 12.14 12.12 12.10 12.07 12.04 12.01 11.97 11.93 11.88 11.83 11.78 11.72 11.65 11.58 11.50 11.42 11.32 11.22 11.11 10.99 10.86 10.73 10.58 10.42 10.25 10.06 9.87 9.66 9.44 9.21 8.96 8.69 8.42 8.12 7.81 7.49 7.15 6.80 6.43 6.05 5.65 5.23 4.81 4.37 3.92 3.45 2.98 2.50 2.01 1.51 1.01 0.51 0.00 
20.00 19.72 19.44 19.16 18.88 18.60 18.33 18.06 17.79 17.53 17.28 17.02 16.78 16.54 16.30 16.07 15.85 15.64 15.43 15.23 15.04 14.85 14.67 14.50 14.34 14.19 14.04 13.90 13.77 13.64 13.53 13.42 13.31 13.21 13.12 13.04 12.96 12.88 12.81 12.75 12.69 12.63 12.58 12.54 12.50 12.46 12.42 12.39 12.36 12.33 12.31 12.29 12.27 12.25 12.23 12.22 12.20 12.19 12.18 12.17 12.16 12.15 12.14 12.14 12.13 12.12 12.11 12.10 12.10 12.09 12.08 12.07 12.06 12.04 12.03 12.01 12.00 11.98 11.96 11.93 11.90 11.87 11.84 11.80 11.76 11.72 11.67 11.61 11.55 11.49 11.41 11.33 11.25 11.15 11.05 10.94 10.82 10.69 10.55 10.40 10.24 10.07 9.89 9.70 9.49 9.27 9.03 8.79 8.52 8.25 7.96 7.65 7.33 7.00 6.65 6.28 5.91 5.51 5.11 4.69 4.26 3.82 3.37 2.90 2.43 1.96 1.47 0.98 0.49 0.00 
20.00 19.71 19.43 19.14 18.86 18.58 18.30 18.02 17.75 17.48 17.22 16.96 16.71 16.47 16.23 15.99 15.77 15.55 15.34 15.13 14.94 14.75 14.57 14.39 14.23 14.07 13.92 13.78 13.64 13.52 13.40 13.28 13.18 13.08 12.98 12.90 12.81 12.74 12.67 12.60 12.54 12.49 12.44 12.39 12.35 12.31 12.27 12.24 12.21 12.18 12.15 12.13 12.11 12.09 12.08 12.06 12.05 12.04 12.02 12.01 12.00 12.00 11.99 11.98 11.97 11.96 11.96 11.95 11.94 11.93 11.92 11.91 11.90 11.89 11.87 11.86 11.84 11.82 11.80 11.78 11.75 11.72 11.69 11.65 11.61 11.56 11.51 11.46 11.40 11.33 11.26 11.18 11.09 10.99 10.89 10.78 10.66 10.53 10.39 10.24 10.08 9.91 9.73 9.53 9.33 9.11 8.87 8.63 8.37 8.09 7.80 7.50 7.19 6.86 6.51 6.15 5.78 5.39 4.99 4.58 4.16 3.73 3.29 2.83 2.37 1.91 1.44 0.96 0.48 0.00 
20.00 19.71 19.42 19.13 18.84 18.55 18.27 17.99 17.71 17.44 17.17 16.91 16.65 16.40 16.16 15.92 15.69 15.47 15.25 15.04 14.84 14.65 14.47 14.29 14.12 13.96 13.81 13.66 13.53 13.40 13.27 13.16 13.05 12.95 12.85 12.76 12.68 12.60 12.53 12.47 12.40 12.35 12.30 12.25 12.20 12.16 12.13 12.09 12.06 12.03 12.01 11.99 11.97 11.95 11.93 11.92 11.90 11.89 11.88 11.87 11.86 11.85 11.84 11.83 11.83 11.82 11.81 11.80 11.79 11.79 11.78 11.77 11.75 11.74 11.73 11.71 11.70 11.68 11.65 11.63 11.60 11.57 11.54 11.50 11.46 11.42 11.37 11.31 11.25 11.18 11.11 11.03 10.94 10.85 10.74 10.63 10.51 10.38 10.24 10.10 9.94 9.76 9.58 9.39 9.18 8.96 8.73 8.48 8.22 7.95 7.67 7.37 7.05 6.72 6.38 6.03 5.66 5.28 4.89 4.49 4.07 3.65 3.21 2.77 2.32 1.86 1.40 0.94 0.47 0.00 
20.00 19.70 19.41 19.11 18.82 18.52 18.24 17.95 17.67 17.39 17.12 16.85 16.59 16.34 16.09 15.85 15.62 15.39 15.17 14.96 14.75 14.56 14.37 14.19 14.02 13.86 13.70 13.55 13.42 13.28 13.16 13.04 12.93 12.83 12.73 12.64 12.56 12.48 12.40 12.34 12.27 12.22 12.16 12.11 12.07 12.03 11.99 11.96 11.93 11.90 11.87 11.85 11.83 11.81 11.79 11.78 11.76 11.75 11.74 11.73 11.72 11.71 11.70 11.70 11.69 11.68 11.67 11.66 11.66 11.65 11.64 11.63 11.62 11.61 11.59 11.58 11.56 11.54 11.52 11.50 11.47 11.44 11.41 11.37 11.33 11.28 11.23 11.18 11.11 11.05 10.97 10.89 10.81 10.71 10.61 10.50 10.38 10.25 10.11 9.96 9.80 9.63 9.44 9.25 9.04 8.83 8.59 8.35 8.09 7.82 7.54 7.24 6.93 6.61 6.27 5.92 5.56 5.18 4.80 4.40 3.99 3.57 3.15 2.71 2.27 1.83 1.37 0.92 0.46 0.00 
20.00 19.70 19.40 19.10 18.80 18.50 18.21 17.92 17.63 17.35 17.07 16.80 16.54 16.28 16.03 15.78 15.55 15.32 15.09 14.88 14.67 14.47 14.28 14.10 13.93 13.76 13.60 13.45 13.31 13.18 13.05 12.93 12.82 12.71 12.62 12.52 12.44 12.36 12.28 12.22 12.15 12.09 12.04 11.99 11.94 11.90 11.87 11.83 11.80 11.77 11.74 11.72 11.70 11.68 11.66 11.65 11.63 11.62 11.61 11.60 11.59 11.58 11.57 11.57 11.56 11.55 11.54 11.54 11.53 11.52 11.51 11.50 11.49 11.48 11.47 11.45 11.43 11.41 11.39 11.37 11.34 11.31 11.28 11.24 11.20 11.16 11.11 11.05 10.99 10.92 10.85 10.77 10.68 10.59 10.48 10.37 10.25 10.12 9.98 9.83 9.67 9.50 9.32 9.13 8.92 8.70 8.47 8.23 7.97 7.70 7.42 7.13 6.82 6.50 6.16 5.82 5.46 5.09 4.71 4.32 3.92 3.51 3.09 2.66 2.23 1.79 1.35 0.90 0.45 0.00 
20.00 19.69 19.39 19.08 18.78 18.48 18.18 17.89 17.60 17.31 17.03 16.76 16.49 16.23 15.97 15.72 15.48 15.25 15.02 14.80 14.59 14.39 14.20 14.01 13.84 13.67 13.51 13.36 13.21 13.08 12.95 12.83 12.71 12.61 12.51 12.41 12.33 12.25 12.17 12.10 12.04 11.98 11.92 11.87 11.83 11.78 11.75 11.71 11.68 11.65 11.62 11.60 11.58 11.56 11.54 11.53 11.51 11.50 11.49 11.48 11.47 11.46 11.45 11.45 11.44 11.43 11.42 11.42 11.41 11.40 11.39 11.38 11.37 11.36 11.35 11.33 11.32 11.30 11.28 11.25 11.23 11.20 11.16 11.13 11.09 11.04 10.99 10.93 10.87 10.81 10.73 10.65 10.57 10.47 10.37 10.26 10.14 10.01 9.87 9.72 9.56 9.39 9.20 9.01 8.81 8.59 8.36 8.12 7.86 7.60 7.32 7.02 6.72 6.40 6.07 5.73 5.37 5.01 4.63 4.25 3.85 3.45 3.04 2.62 2.19 1.76 1.32 0.88 0.44 0.00 
20.00 19.69 19.38 19.07 18.76 18.46 18.16 17.86 17.57 17.28 16.99 16.71 16.44 16.18 15.92 15.66 15.42 15.18 14.95 14.73 14.52 14.32 14.12 13.93 13.75 13.58 13.42 13.27 13.12 12.98 12.85 12.73 12.62 12.51 12.41 12.31 12.22 12.14 12.07 11.99 11.93 11.87 11.81 11.76 11.72 11.67 11.64 11.60 11.57 11.54 11.51 11.49 11.47 11.45 11.43 11.41 11.40 11.39 11.38 11.37 11.36 11.35 11.34 11.33 11.33 11.32 11.31 11.30 11.30 11.29 11.28 11.27 11.26 11.25 11.24 11.22 11.21 11.19 11.17 11.15 11.12 11.09 11.06 11.02 10.98 10.93 10.88 10.83 10.77 10.70 10.63 10.55 10.46 10.37 10.26 10.15 10.03 9.90 9.76 9.61 9.45 9.28 9.10 8.91 8.70 8.49 8.26 8.02 7.76 7.50 7.22 6.93 6.63 6.31 5.99 5.65 5.30 4.94 4.57 4.18 3.79 3.39 2.99 2.57 2.16 1.73 1.30 0.87 0.44 0.00 
20.00 19.69 19.37 19.06 18.75 18.44 18.13 17.83 17.53 17.24 16.95 16.67 16.40 16.13 15.87 15.61 15.36 15.12 14.89 14.67 14.45 14.25 14.05 13.86 13.68 13.50 13.34 13.18 13.04 12.90 12.76 12.64 12.52 12.41 12.31 12.22 12.13 12.04 11.97 11.90 11.83 11.77 11.71 11.66 11.61 11.57 11.53 11.50 11.46 11.43 11.41 11.38 11.36 11.34 11.32 11.31 11.30 11.28 11.27 11.26 11.25 11.24 11.24 11.23 11.22 11.21 11.21 11.20 11.19 11.19 11.18 11.17 11.16 11.15 11.14 11.12 11.11 11.09 11.07 11.05 11.02 10.99 10.96 10.92 10.88 10.84 10.79 10.73 10.67 10.61 10.53 10.45 10.37 10.27 10.17 10.06 9.94 9.81 9.67 9.52 9.36 9.19 9.01 8.82 8.61 8.40 8.17 7.93 7.68 7.41 7.14 6.85 6.55 6.23 5.91 5.57 5.23 4.87 4.50 4.13 3.74 3.35 2.95 2.54 2.12 1.71 1.28 0.86 0.43 0.00 
20.00 19.68 19.36 19.05 18.73 18.42 18.11 17.81 17.51 17.21 16.92 16.63 16.36 16.08 15.82 15.56 15.31 15.07 14.83 14.61 14.39 14.18 13.98 13.79 13.60 13.43 13.26 13.11 12.96 12.81 12.68 12.56 12.44 12.33 12.22 12.13 12.04 11.95 11.87 11.80 11.74 11.67 11.62 11.57 11.52 11.47 11.44 11.40 11.37 11.34 11.31 11.29 11.26 11.24 11.23 11.21 11.20 11.18 11.17 11.16 11.15 11.15 11.14 11.13 11.12 11.12 11.11 11.11 11.10 11.09 11.08 11.08 11.07 11.06 11.04 11.03 11.02 11.00 10.98 10.96 10.93 10.90 10.87 10.84 10.80 10.75 10.70 10.65 10.59 10.52 10.45 10.37 10.28 10.19 10.08 9.97 9.85 9.72 9.59 9.44 9.28 9.11 8.93 8.73 8.53 8.32 8.09 7.85 7.60 7.34 7.06 6.77 6.47 6.16 5.84 5.51 5.17 4.81 4.45 4.08 3.69 3.30 2.91 2.51 2.10 1.68 1.27 0.85 0.42 0.00 
20.00 19.68 19.36 19.04 18.72 18.40 18.09 17.78 17.48 17.18 16.89 16.60 16.32 16.04 15.77 15.51 15.26 15.01 14.78 14.55 14.33 14.12 13.92 13.72 13.54 13.36 13.19 13.03 12.88 12.74 12.60 12.48 12.36 12.25 12.14 12.04 11.95 11.87 11.79 11.72 11.65 11.59 11.53 11.48 11.43 11.39 11.35 11.31 11.28 11.25 11.22 11.19 11.17 11.15 11.14 11.12 11.11 11.09 11.08 11.07 11.06 11.06 11.05 11.04 11.04 11.03 11.02 11.02 11.01 11.00 11.00 10.99 10.98 10.97 10.96 10.95 10.93 10.92 10.90 10.87 10.85 10.82 10.79 10.76 10.72 10.67 10.62 10.57 10.51 10.44 10.37 10.29 10.21 10.11 10.01 9.90 9.78 9.65 9.51 9.36 9.20 9.03 8.85 8.66 8.46 8.24 8.02 7.78 7.53 7.27 6.99 6.71 6.41 6.10 5.78 5.45 5.11 4.76 4.40 4.03 3.65 3.27 2.87 2.48 2.07 1.66 1.25 0.84 0.42 0.00 
20.00 19.68 19.35 19.03 18.71 18.39 18.07 17.76 17.46 17.15 16.86 16.57 16.28 16.00 15.73 15.47 15.21 14.97 14.73 14.50 14.27 14.06 13.86 13.66 13.47 13.30 13.13 12.96 12.81 12.67 12.53 12.40 12.28 12.17 12.07 11.97 11.87 11.79 11.71 11.64 11.57 11.51 11.45 11.40 11.35 11.30 11.26 11.23 11.19 11.16 11.14 11.11 11.09 11.07 11.05 11.04 11.02 11.01 11.00 10.99 10.98 10.97 10.97 10.96 10.95 10.95 10.94 10.94 10.93 10.92 10.92 10.91 10.90 10.89 10.88 10.87 10.86 10.84 10.82 10.80 10.78 10.75 10.72 10.69 10.65 10.60 10.56 10.50 10.44 10.38 10.31 10.23 10.14 10.05 9.94 9.83 9.71 9.59 9.45 9.30 9.14 8.97 8.79 8.60 8.40 8.18 7.96 7.72 7.47 7.21 6.94 6.65 6.36 6.05 5.73 5.40 5.06 4.72 4.36 3.99 3.62 3.23 2.85 2.45 2.05 1.65 1.24 0.83 0.41 0.00 
20.00 19.67 19.35 19.02 18.70 18.37 18.06 17.74 17.43 17.13 16.83 16.54 16.25 15.97 15.69 15.43 15.17 14.92 14.68 14.45 14.22 14.01 13.80 13.60 13.42 13.24 13.06 12.90 12.75 12.60 12.47 12.34 12.22 12.10 11.99 11.90 11.80 11.72 11.64 11.56 11.49 11.43 11.37 11.32 11.27 11.23 11.19 11.15 11.12 11.08 11.06 11.03 11.01 10.99 10.97 10.96 10.94 10.93 10.92 10.91 10.90 10.90 10.89 10.88 10.88 10.87 10.87 10.86 10.86 10.85 10.85 10.84 10.83 10.82 10.81 10.80 10.79 10.77 10.76 10.74 10.71 10.69 10.66 10.62 10.58 10.54 10.50 10.44 10.38 10.32 10.25 10.17 10.08 9.99 9.89 9.78 9.66 9.53 9.39 9.24 9.09 8.92 8.74 8.54 8.34 8.13 7.90 7.67 7.42 7.16 6.89 6.60 6.31 6.00 5.69 5.36 5.02 4.68 4.32 3.96 3.59 3.21 2.82 2.43 2.03 1.63 1.23 0.82 0.41 0.00 
20.00 19.67 19.34 19.01 18.69 18.36 18.04 17.72 17.41 17.10 16.80 16.51 16.22 15.94 15.66 15.39 15.13 14.88 14.64 14.40 14.18 13.96 13.75 13.55 13.36 13.18 13.01 12.84 12.69 12.54 12.40 12.27 12.15 12.04 11.93 11.83 11.74 11.65 11.57 11.49 11.42 11.36 11.30 11.25 11.20 11.16 11.11 11.08 11.04 11.01 10.99 10.96 10.94 10.92 10.90 10.89 10.87 10.86 10.85 10.84 10.83 10.83 10.82 10.81 10.81 10.80 10.80 10.79 10.79 10.79 10.78 10.77 10.77 10.76 10.75 10.74 10.73 10.71 10.70 10.68 10.66 10.63 10.60 10.57 10.53 10.49 10.44 10.39 10.33 10.27 10.20 10.12 10.04 9.94 9.84 9.73 9.61 9.48 9.35 9.20 9.04 8.87 8.69 8.50 8.30 8.08 7.86 7.62 7.37 7.11 6.84 6.56 6.27 5.96 5.65 5.32 4.99 4.64 4.29 3.93 3.56 3.18 2.80 2.41 2.02 1.62 1.22 0.81 0.41 0.00 
20.00 19.67 19.34 19.00 18.68 18.35 18.03 17.71 17.39 17.08 16.78 16.48 16.19 15.90 15.63 15.36 15.10 14.84 14.60 14.36 14.13 13.91 13.70 13.50 13.31 13.13 12.96 12.79 12.63 12.49 12.35 12.22 12.09 11.98 11.87 11.77 11.67 11.59 11.51 11.43 11.36 11.30 11.24 11.18 11.13 11.09 11.05 11.01 10.98 10.95 10.92 10.90 10.87 10.85 10.84 10.82 10.81 10.80 10.79 10.78 10.77 10.76 10.76 10.75 10.75 10.74 10.74 10.73 10.73 10.73 10.72 10.72 10.71 10.70 10.69 10.69 10.67 10.66 10.64 10.63 10.61 10.58 10.55 10.52 10.49 10.45 10.40 10.35 10.29 10.23 10.16 10.08 10.00 9.90 9.80 9.69 9.58 9.45 9.31 9.16 9.00 8.83 8.65 8.46 8.26 8.05 7.82 7.59 7.34 7.08 6.81 6.53 6.23 5.93 5.62 5.29 4.96 4.62 4.26 3.90 3.54 3.16 2.78 2.39 2.00 1.61 1.21 0.81 0.40 0.00 
20.00 19.66 19.33 19.00 18.67 18.34 18.01 17.69 17.38 17.06 16.76 16.46 16.16 15.88 15.60 15.33 15.06 14.81 14.56 14.32 14.09 13.87 13.66 13.46 13.27 13.08 12.91 12.74 12.58 12.44 12.30 12.16 12.04 11.92 11.81 11.71 11.62 11.53 11.45 11.37 11.30 11.24 11.18 11.12 11.08 11.03 10.99 10.95 10.92 10.89 10.86 10.83 10.81 10.79 10.78 10.76 10.75 10.74 10.73 10.72 10.71 10.70 10.70 10.69 10.69 10.69 10.68 10.68 10.68 10.67 10.67 10.66 10.66 10.65 10.65 10.64 10.63 10.61 10.60 10.58 10.56 10.54 10.51 10.48 10.45 10.41 10.36 10.31 10.26 10.20 10.13 10.05 9.97 9.87 9.77 9.67 9.55 9.42 9.28 9.13 8.98 8.81 8.63 8.44 8.23 8.02 7.80 7.56 7.31 7.05 6.78 6.50 6.21 5.90 5.59 5.27 4.93 4.59 4.24 3.88 3.52 3.14 2.77 2.38 1.99 1.60 1.20 0.80 0.40 0.00 
20.00 19.66 19.33 18.99 18.66 18.33 18.00 17.68 17.36 17.05 16.74 16.43 16.14 15.85 15.57 15.30 15.03 14.77 14.53 14.29 14.06 13.83 13.62 13.42 13.22 13.04 12.86 12.70 12.54 12.39 12.25 12.12 11.99 11.87 11.76 11.66 11.57 11.48 11.40 11.32 11.25 11.18 11.12 11.07 11.02 10.97 10.93 10.90 10.86 10.83 10.80 10.78 10.76 10.74 10.72 10.71 10.69 10.68 10.67 10.66 10.66 10.65 10.65 10.64 10.64 10.63 10.63 10.63 10.63 10.62 10.62 10.62 10.61 10.61 10.60 10.60 10.59 10.58 10.56 10.55 10.53 10.51 10.48 10.45 10.42 10.38 10.34 10.29 10.23 10.17 10.10 10.03 9.95 9.85 9.75 9.65 9.53 9.40 9.26 9.12 8.96 8.79 8.61 8.42 8.21 8.00 7.78 7.54 7.29 7.03 6.76 6.48 6.19 5.88 5.57 5.25 4.92 4.58 4.23 3.87 3.50 3.13 2.75 2.37 1.98 1.59 1.20 0.80 0.40 0.00 
20.00 19.66 19.32 18.99 18.65 18.32 17.99 17.66 17.34 17.03 16.72 16.41 16.12 15.83 15.54 15.27 15.00 14.75 14.50 14.25 14.02 13.80 13.59 13.38 13.19 13.00 12.82 12.66 12.50 12.35 12.20 12.07 11.94 11.83 11.72 11.61 11.52 11.43 11.35 11.27 11.20 11.13 11.08 11.02 10.97 10.92 10.88 10.85 10.81 10.78 10.75 10.73 10.71 10.69 10.67 10.66 10.64 10.63 10.62 10.62 10.61 10.60 10.60 10.59 10.59 10.59 10.59 10.59 10.58 10.58 10.58 10.58 10.58 10.57 10.57 10.56 10.55 10.54 10.53 10.52 10.50 10.48 10.46 10.43 10.40 10.36 10.32 10.27 10.22 10.16 10.09 10.01 9.93 9.84 9.74 9.63 9.52 9.39 9.25 9.11 8.95 8.78 8.60 8.41 8.20 7.99 7.76 7.53 7.28 7.02 6.75 6.47 6.17 5.87 5.56 5.24 4.90 4.56 4.21 3.86 3.49 3.12 2.74 2.36 1.98 1.59 1.19 0.80 0.40 0.00 
20.00 19.66 19.32 18.98 18.64 18.31 17.98 17.65 17.33 17.01 16.70 16.40 16.10 15.81 15.52 15.25 14.98 14.72 14.47 14.22 13.99 13.77 13.55 13.35 13.15 12.96 12.79 12.62 12.46 12.31 12.16 12.03 11.90 11.79 11.67 11.57 11.48 11.39 11.30 11.23 11.15 11.09 11.03 10.97 10.92 10.88 10.84 10.80 10.77 10.73 10.71 10.68 10.66 10.64 10.63 10.61 10.60 10.59 10.58 10.57 10.57 10.56 10.56 10.55 10.55 10.55 10.55 10.55 10.55 10.55 10.55 10.54 10.54 10.54 10.54 10.53 10.52 10.52 10.51 10.49 10.48 10.46 10.44 10.41 10.38 10.35 10.30 10.26 10.21 10.15 10.08 10.01 9.93 9.84 9.74 9.63 9.52 9.39 9.25 9.10 8.95 8.78 8.60 8.40 8.20 7.99 7.76 7.52 7.27 7.01 6.74 6.46 6.17 5.86 5.55 5.23 4.90 4.55 4.21 3.85 3.48 3.11 2.74 2.36 1.97 1.58 1.19 0.79 0.40 0.00 
20.00 19.66 19.32 18.98 18.64 18.30 17.97 17.64 17.32 17.00 16.69 16.38 16.08 15.79 15.50 15.22 14.95 14.69 14.44 14.20 13.96 13.74 13.52 13.32 13.12 12.93 12.75 12.58 12.42 12.27 12.13 11.99 11.87 11.75 11.64 11.53 11.44 11.35 11.26 11.19 11.11 11.05 10.99 10.93 10.88 10.84 10.80 10.76 10.72 10.69 10.67 10.64 10.62 10.60 10.58 10.57 10.56 10.55 10.54 10.53 10.53 10.52 10.52 10.52 10.51 10.51 10.51 10.51 10.51 10.51 10.51 10.51 10.51 10.51 10.51 10.51 10.50 10.50 10.49 10.48 10.46 10.45 10.43 10.40 10.37 10.34 10.30 10.26 10.21 10.15 10.08 10.01 9.93 9.84 9.75 9.64 9.52 9.40 9.26 9.11 8.95 8.78 8.60 8.41 8.21 7.99 7.76 7.52 7.28 7.01 6.74 6.46 6.17 5.86 5.55 5.22 4.89 4.55 4.20 3.84 3.48 3.11 2.73 2.35 1.97 1.58 1.19 0.79 0.40 0.00 
20.00 19.66 19.31 18.97 18.63 18.29 17.96 17.63 17.31 16.99 16.67 16.36 16.06 15.77 15.48 15.20 14.93 14.67 14.42 14.17 13.94 13.71 13.50 13.29 13.09 12.90 12.72 12.55 12.39 12.24 12.09 11.96 11.83 11.71 11.60 11.50 11.40 11.31 11.23 11.15 11.08 11.01 10.95 10.90 10.84 10.80 10.76 10.72 10.69 10.66 10.63 10.60 10.58 10.56 10.55 10.53 10.52 10.51 10.50 10.50 10.49 10.49 10.49 10.48 10.48 10.48 10.48 10.48 10.49 10.49 10.49 10.49 10.49 10.49 10.49 10.49 10.49 10.48 10.47 10.47 10.45 10.44 10.42 10.40 10.37 10.34 10.30 10.26 10.21 10.16 10.09 10.02 9.94 9.86 9.76 9.65 9.54 9.41 9.27 9.13 8.97 8.80 8.62 8.42 8.22 8.00 7.77 7.53 7.28 7.02 6.75 6.46 6.17 5.86 5.55 5.23 4.89 4.55 4.20 3.84 3.48 3.11 2.73 2.35 1.97 1.58 1.19 0.79 0.40 0.00 
20.00 19.65 19.31 18.97 18.63 18.29 17.95 17.62 17.30 16.97 16.66 16.35 16.05 15.75 15.46 15.18 14.91 14.65 14.40 14.15 13.91 13.69 13.47 13.26 13.06 12.87 12.69 12.52 12.36 12.21 12.06 11.93 11.80 11.68 11.57 11.46 11.37 11.28 11.19 11.11 11.04 10.98 10.92 10.86 10.81 10.76 10.72 10.69 10.65 10.62 10.59 10.57 10.55 10.53 10.51 10.50 10.49 10.48 10.47 10.47 10.46 10.46 10.46 10.46 10.46 10.46 10.46 10.46 10.46 10.47 10.47 10.47 10.47 10.48 10.48 10.48 10.48 10.47 10.47 10.46 10.45 10.44 10.42 10.40 10.38 10.35 10.31 10.27 10.23 10.17 10.11 10.04 9.96 9.88 9.78 9.68 9.56 9.44 9.30 9.15 8.99 8.82 8.64 8.45 8.24 8.02 7.79 7.55 7.30 7.04 6.76 6.48 6.18 5.87 5.56 5.23 4.90 4.56 4.20 3.85 3.48 3.11 2.73 2.35 1.97 1.58 1.19 0.79 0.40 0.00 
20.00 19.65 19.31 18.96 18.62 18.28 17.95 17.61 17.29 16.96 16.65 16.34 16.03 15.74 15.45 15.17 14.90 14.63 14.38 14.13 13.89 13.67 13.45 13.24 13.04 12.85 12.67 12.50 12.34 12.18 12.04 11.90 11.77 11.65 11.54 11.43 11.34 11.25 11.16 11.08 11.01 10.95 10.89 10.83 10.78 10.73 10.69 10.65 10.62 10.59 10.56 10.54 10.52 10.50 10.48 10.47 10.46 10.45 10.44 10.44 10.43 10.43 10.43 10.43 10.43 10.43 10.44 10.44 10.44 10.45 10.45 10.46 10.46 10.46 10.47 10.47 10.47 10.47 10.47 10.46 10.45 10.44 10.43 10.41 10.39 10.36 10.33 10.29 10.25 10.20 10.14 10.07 9.99 9.91 9.81 9.71 9.60 9.47 9.33 9.19 9.03 8.85 8.67 8.48 8.27 8.05 7.82 7.58 7.32 7.06 6.78 6.49 6.20 5.89 5.57 5.24 4.91 4.56 4.21 3.85 3.49 3.12 2.74 2.36 1.97 1.58 1.19 0.79 0.40 0.00 
20.00 19.65 19.31 18.96 18.62 18.28 17.94 17.61 17.28 16.95 16.64 16.33 16.02 15.72 15.43 15.15 14.88 14.62 14.36 14.11 13.87 13.65 13.43 13.22 13.02 12.83 12.65 12.47 12.31 12.16 12.01 11.88 11.75 11.63 11.51 11.41 11.31 11.22 11.14 11.06 10.99 10.92 10.86 10.80 10.75 10.71 10.66 10.63 10.59 10.56 10.54 10.51 10.49 10.47 10.46 10.45 10.43 10.43 10.42 10.41 10.41 10.41 10.41 10.41 10.41 10.41 10.42 10.42 10.43 10.43 10.44 10.45 10.45 10.46 10.46 10.47 10.47 10.47 10.47 10.47 10.46 10.46 10.44 10.43 10.41 10.39 10.36 10.32 10.28 10.23 10.17 10.11 10.03 9.95 9.86 9.75 9.64 9.51 9.38 9.23 9.07 8.90 8.71 8.52 8.31 8.09 7.85 7.61 7.35 7.08 6.81 6.52 6.22 5.91 5.59 5.26 4.92 4.58 4.22 3.86 3.49 3.12 2.74 2.36 1.97 1.58 1.19 0.79 0.40 0.00 
20.00 19.65 19.30 18.96 18.61 18.27 17.93 17.60 17.27 16.95 16.63 16.32 16.01 15.71 15.42 15.14 14.87 14.60 14.34 14.10 13.86 13.63 13.41 13.20 13.00 12.81 12.63 12.45 12.29 12.14 11.99 11.85 11.72 11.60 11.49 11.38 11.29 11.20 11.11 11.03 10.96 10.89 10.83 10.78 10.73 10.68 10.64 10.60 10.57 10.54 10.51 10.49 10.47 10.45 10.44 10.42 10.41 10.40 10.40 10.39 10.39 10.39 10.39 10.39 10.39 10.40 10.40 10.41 10.42 10.42 10.43 10.44 10.45 10.45 10.46 10.47 10.47 10.48 10.48 10.48 10.48 10.47 10.47 10.45 10.44 10.42 10.39 10.36 10.32 10.27 10.22 10.15 10.08 10.00 9.91 9.80 9.69 9.57 9.43 9.28 9.12 8.95 8.76 8.56 8.35 8.13 7.89 7.65 7.39 7.12 6.84 6.55 6.24 5.93 5.61 5.28 4.94 4.59 4.24 3.87 3.50 3.13 2.75 2.37 1.98 1.59 1.19 0.80 0.40 0.00 
20.00 19.65 19.30 18.96 18.61 18.27 17.93 17.59 17.26 16.94 16.62 16.31 16.00 15.70 15.41 15.13 14.85 14.59 14.33 14.08 13.84 13.61 13.39 13.18 12.98 12.79 12.61 12.43 12.27 12.12 11.97 11.83 11.70 11.58 11.47 11.36 11.27 11.17 11.09 11.01 10.94 10.87 10.81 10.76 10.71 10.66 10.62 10.58 10.55 10.52 10.49 10.47 10.45 10.43 10.42 10.40 10.39 10.39 10.38 10.38 10.37 10.37 10.37 10.38 10.38 10.39 10.39 10.40 10.41 10.42 10.43 10.44 10.44 10.45 10.46 10.47 10.48 10.49 10.49 10.50 10.50 10.50 10.49 10.48 10.47 10.45 10.43 10.40 10.36 10.32 10.27 10.21 10.14 10.06 9.97 9.86 9.75 9.63 9.49 9.34 9.18 9.01 8.82 8.62 8.41 8.18 7.94 7.69 7.43 7.16 6.88 6.58 6.28 5.96 5.64 5.30 4.96 4.61 4.25 3.89 3.52 3.14 2.76 2.37 1.98 1.59 1.20 0.80 0.40 0.00 
20.00 19.65 19.30 18.95 18.61 18.26 17.92 17.59 17.26 16.93 16.61 16.30 15.99 15.69 15.40 15.12 14.84 14.57 14.32 14.07 13.83 13.60 13.38 13.17 12.97 12.77 12.59 12.42 12.25 12.10 11.95 11.81 11.69 11.56 11.45 11.34 11.25 11.15 11.07 10.99 10.92 10.85 10.79 10.74 10.69 10.64 10.60 10.56 10.53 10.50 10.47 10.45 10.43 10.41 10.40 10.39 10.38 10.37 10.36 10.36 10.36 10.36 10.36 10.37 10.37 10.38 10.38 10.39 10.40 10.41 10.42 10.44 10.45 10.46 10.47 10.48 10.49 10.50 10.51 10.52 10.52 10.53 10.52 10.52 10.51 10.50 10.48 10.45 10.42 10.38 10.33 10.27 10.20 10.13 10.04 9.94 9.82 9.70 9.56 9.41 9.25 9.08 8.89 8.68 8.47 8.24 8.00 7.75 7.48 7.21 6.92 6.62 6.31 5.99 5.67 5.33 4.98 4.63 4.27 3.91 3.53 3.15 2.77 2.38 1.99 1.60 1.20 0.80 0.40 0.00 
20.00 19.65 19.30 18.95 18.60 18.26 17.92 17.58 17.25 16.93 16.61 16.29 15.98 15.68 15.39 15.11 14.83 14.56 14.31 14.06 13.82 13.59 13.37 13.15 12.95 12.76 12.58 12.40 12.24 12.08 11.94 11.80 11.67 11.55 11.43 11.33 11.23 11.14 11.05 10.97 10.90 10.84 10.77 10.72 10.67 10.62 10.58 10.54 10.51 10.48 10.46 10.43 10.41 10.40 10.38 10.37 10.36 10.36 10.35 10.35 10.35 10.35 10.35 10.36 10.36 10.37 10.38 10.39 10.40 10.41 10.43 10.44 10.45 10.47 10.48 10.50 10.51 10.52 10.53 10.55 10.55 10.56 10.56 10.56 10.56 10.55 10.53 10.51 10.48 10.45 10.40 10.34 10.28 10.20 10.12 10.02 9.91 9.78 9.65 9.50 9.33 9.15 8.96 8.76 8.54 8.31 8.07 7.81 7.54 7.26 6.97 6.67 6.36 6.03 5.70 5.36 5.01 4.66 4.29 3.93 3.55 3.17 2.78 2.39 2.00 1.60 1.21 0.80 0.40 0.00 
20.00 19.65 19.30 18.95 18.60 18.26 17.92 17.58 17.25 16.92 16.60 16.28 15.98 15.68 15.38 15.10 14.82 14.55 14.30 14.05 13.81 13.58 13.35 13.14 12.94 12.75 12.56 12.39 12.23 12.07 11.92 11.78 11.66 11.53 11.42 11.31 11.21 11.12 11.04 10.96 10.89 10.82 10.76 10.70 10.65 10.61 10.57 10.53 10.50 10.47 10.44 10.42 10.40 10.38 10.37 10.36 10.35 10.34 10.34 10.34 10.34 10.34 10.34 10.35 10.36 10.37 10.38 10.39 10.40 10.41 10.43 10.45 10.46 10.48 10.50 10.51 10.53 10.55 10.56 10.58 10.59 10.60 10.61 10.61 10.61 10.61 10.60 10.58 10.55 10.52 10.48 10.43 10.37 10.29 10.21 10.11 10.00 9.88 9.74 9.59 9.42 9.24 9.05 8.84 8.62 8.39 8.14 7.88 7.61 7.32 7.03 6.72 6.40 6.08 5.74 5.40 5.04 4.69 4.32 3.95 3.57 3.19 2.80 2.41 2.01 1.61 1.21 0.81 0.40 0.00 
20.00 19.65 19.30 18.95 18.60 18.25 17.91 17.58 17.24 16.92 16.59 16.28 15.97 15.67 15.38 15.09 14.81 14.55 14.29 14.04 13.80 13.57 13.34 13.13 12.93 12.74 12.55 12.38 12.21 12.06 11.91 11.77 11.64 11.52 11.41 11.30 11.20 11.11 11.03 10.95 10.87 10.81 10.75 10.69 10.64 10.59 10.55 10.52 10.48 10.45 10.43 10.41 10.39 10.37 10.36 10.35 10.34 10.33 10.33 10.33 10.33 10.33 10.34 10.35 10.35 10.36 10.38 10.39 10.40 10.42 10.44 10.45 10.47 10.49 10.51 10.53 10.55 10.57 10.59 10.61 10.63 10.64 10.66 10.67 10.67 10.67 10.67 10.65 10.64 10.61 10.57 10.52 10.46 10.39 10.31 10.21 10.11 9.98 9.84 9.69 9.53 9.35 9.15 8.94 8.71 8.48 8.22 7.96 7.68 7.39 7.09 6.78 6.45 6.12 5.78 5.44 5.08 4.72 4.35 3.97 3.59 3.20 2.81 2.42 2.02 1.62 1.22 0.81 0.41 0.00 
20.00 19.65 19.30 18.95 18.60 18.25 17.91 17.57 17.24 16.91 16.59 16.27 15.97 15.66 15.37 15.09 14.81 14.54 14.28 14.03 13.79 13.56 13.34 13.12 12.92 12.73 12.54 12.37 12.20 12.05 11.90 11.76 11.63 11.51 11.40 11.29 11.19 11.10 11.01 10.94 10.86 10.80 10.74 10.68 10.63 10.58 10.54 10.51 10.47 10.44 10.42 10.40 10.38 10.36 10.35 10.34 10.33 10.33 10.32 10.32 10.33 10.33 10.34 10.34 10.35 10.37 10.38 10.39 10.41 10.43 10.45 10.47 10.49 10.51 10.53 10.56 10.58 10.60 10.63 10.65 10.67 10.69 10.71 10.73 10.74 10.74 10.75 10.74 10.73 10.70 10.67 10.63 10.57 10.51 10.43 10.33 10.22 10.10 9.96 9.81 9.64 9.46 9.26 9.05 8.82 8.57 8.31 8.04 7.76 7.46 7.16 6.84 6.51 6.18 5.83 5.48 5.12 4.75 4.38 4.00 3.61 3.22 2.83 2.43 2.03 1.63 1.22 0.82 0.41 0.00 
20.00 19.65 19.30 18.94 18.60 18.25 17.91 17.57 17.24 16.91 16.59 16.27 15.96 15.66 15.37 15.08 14.80 14.53 14.27 14.02 13.78 13.55 13.33 13.12 12.91 12.72 12.54 12.36 12.20 12.04 11.89 11.75 11.62 11.50 11.39 11.28 11.18 11.09 11.00 10.93 10.85 10.79 10.73 10.67 10.62 10.57 10.53 10.50 10.46 10.44 10.41 10.39 10.37 10.36 10.34 10.33 10.33 10.32 10.32 10.32 10.32 10.33 10.33 10.34 10.35 10.37 10.38 10.40 10.42 10.44 10.46 10.48 10.50 10.53 10.56 10.58 10.61 10.64 10.67 10.69 10.72 10.75 10.77 10.79 10.81 10.82 10.83 10.83 10.83 10.81 10.78 10.74 10.69 10.63 10.55 10.46 10.35 10.23 10.09 9.94 9.77 9.58 9.38 9.16 8.93 8.68 8.42 8.14 7.85 7.55 7.23 6.91 6.57 6.23 5.88 5.52 5.16 4.79 4.41 4.03 3.64 3.25 2.85 2.45 2.05 1.64 1.23 0.82 0.41 0.00 
20.00 19.65 19.29 18.94 18.60 18.25 17.91 17.57 17.23 16.91 16.58 16.27 15.96 15.66 15.36 15.08 14.80 14.53 14.27 14.02 13.78 13.54 13.32 13.11 12.91 12.71 12.53 12.35 12.19 12.03 11.88 11.75 11.62 11.49 11.38 11.27 11.17 11.08 11.00 10.92 10.85 10.78 10.72 10.66 10.61 10.57 10.53 10.49 10.46 10.43 10.40 10.38 10.36 10.35 10.34 10.33 10.32 10.32 10.32 10.32 10.32 10.33 10.34 10.35 10.36 10.37 10.39 10.41 10.43 10.45 10.47 10.50 10.52 10.55 10.58 10.61 10.64 10.68 10.71 10.74 10.77 10.81 10.84 10.86 10.89 10.91 10.93 10.94 10.94 10.93 10.91 10.87 10.83 10.77 10.69 10.60 10.50 10.38 10.24 10.08 9.91 9.72 9.51 9.29 9.05 8.80 8.53 8.24 7.94 7.63 7.31 6.98 6.64 6.29 5.93 5.57 5.20 4.82 4.44 4.05 3.66 3.27 2.87 2.46 2.06 1.65 1.24 0.83 0.41 0.00 
20.00 19.65 19.29 18.94 18.59 18.25 17.90 17.57 17.23 16.90 16.58 16.26 15.95 15.65 15.36 15.07 14.79 14.52 14.26 14.01 13.77 13.54 13.32 13.10 12.90 12.71 12.52 12.35 12.18 12.03 11.88 11.74 11.61 11.49 11.37 11.27 11.17 11.08 10.99 10.91 10.84 10.77 10.71 10.66 10.61 10.56 10.52 10.48 10.45 10.42 10.40 10.38 10.36 10.35 10.33 10.33 10.32 10.32 10.32 10.32 10.32 10.33 10.34 10.35 10.36 10.38 10.39 10.41 10.44 10.46 10.49 10.51 10.54 10.57 10.61 10.64 10.68 10.71 10.75 10.79 10.83 10.87 10.91 10.94 10.98 11.00 11.03 11.05 11.06 11.05 11.04 11.02 10.97 10.92 10.85 10.76 10.66 10.54 10.40 10.24 10.07 9.87 9.66 9.43 9.19 8.93 8.65 8.35 8.05 7.73 7.40 7.06 6.71 6.35 5.99 5.62 5.24 4.86 4.48 4.09 3.69 3.29 2.89 2.48 2.07 1.66 1.25 0.83 0.42 0.00 
20.00 19.65 19.29 18.94 18.59 18.25 17.90 17.56 17.23 16.90 16.58 16.26 15.95 15.65 15.35 15.07 14.79 14.52 14.26 14.01 13.77 13.54 13.31 13.10 12.90 12.70 12.52 12.34 12.18 12.02 11.87 11.73 11.60 11.48 11.37 11.26 11.16 11.07 10.99 10.91 10.83 10.77 10.71 10.65 10.60 10.56 10.52 10.48 10.45 10.42 10.40 10.37 10.36 10.34 10.33 10.32 10.32 10.32 10.32 10.32 10.32 10.33 10.34 10.35 10.37 10.38 10.40 10.42 10.45 10.47 10.50 10.53 10.56 10.60 10.64 10.67 10.71 10.76 10.80 10.84 10.89 10.93 10.98 11.02 11.07 11.11 11.14 11.17 11.19 11.20 11.19 11.17 11.14 11.09 11.02 10.93 10.83 10.71 10.57 10.41 10.24 10.04 9.83 9.59 9.34 9.07 8.78 8.48 8.16 7.83 7.49 7.14 6.78 6.42 6.05 5.67 5.29 4.90 4.51 4.12 3.72 3.31 2.91 2.50 2.08 1.67 1.25 0.84 0.42 0.00 
20.00 19.65 19.29 18.94 18.59 18.25 17.90 17.56 17.23 16.90 16.58 16.26 15.95 15.65 15.35 15.07 14.79 14.52 14.26 14.01 13.77 13.53 13.31 13.10 12.89 12.70 12.52 12.34 12.17 12.02 11.87 11.73 11.60 11.48 11.36 11.26 11.16 11.07 10.98 10.90 10.83 10.76 10.70 10.65 10.60 10.55 10.51 10.48 10.45 10.42 10.39 10.37 10.36 10.34 10.33 10.32 10.32 10.32 10.32 10.32 10.33 10.33 10.35 10.36 10.37 10.39 10.41 10.44 10.46 10.49 10.52 10.55 10.59 10.62 10.66 10.71 10.75 10.80 10.85 10.90 10.95 11.00 11.05 11.11 11.16 11.21 11.26 11.30 11.33 11.35 11.36 11.34 11.32 11.27 11.21 11.13 11.02 10.90 10.76 10.60 10.42 10.22 10.00 9.76 9.50 9.22 8.92 8.61 8.28 7.94 7.58 7.22 6.86 6.49 6.11 5.72 5.34 4.95 4.55 4.15 3.74 3.34 2.93 2.51 2.10 1.68 1.26 0.84 0.42 0.00 
20.00 19.65 19.29 18.94 18.59 18.25 17.90 17.56 17.23 16.90 16.58 16.26 15.95 15.65 15.35 15.06 14.79 14.52 14.26 14.01 13.76 13.53 13.31 13.10 12.89 12.70 12.51 12.34 12.17 12.02 11.87 11.73 11.60 11.48 11.36 11.26 11.16 11.06 10.98 10.90 10.83 10.76 10.70 10.65 10.60 10.55 10.51 10.48 10.44 10.42 10.39 10.37 10.36 10.34 10.33 10.32 10.32 10.32 10.32 10.32 10.33 10.34 10.35 10.37 10.38 10.40 10.42 10.45 10.48 10.51 10.54 10.57 10.61 10.65 10.70 10.74 10.79 10.84 10.89 10.95 11.01 11.07 11.13 11.20 11.26 11.33 11.39 11.44 11.49 11.52 11.54 11.53 11.51 11.47 11.41 11.33 11.23 11.11 10.97 10.81 10.63 10.43 10.20 9.95 9.68 9.39 9.08 8.75 8.41 8.05 7.68 7.31 6.94 6.55 6.17 5.78 5.38 4.99 4.59 4.18 3.77 3.36 2.95 2.53 2.11 1.69 1.27 0.85 0.42 0.00 
20.00 19.65 19.29 18.94 18.59 18.25 17.90 17.56 17.23 16.90 16.58 16.26 15.95 15.65 15.35 15.06 14.79 14.52 14.26 14.00 13.76 13.53 13.31 13.09 12.89 12.70 12.51 12.34 12.17 12.01 11.87 11.73 11.60 11.48 11.36 11.25 11.16 11.06 10.98 10.90 10.83 10.76 10.70 10.65 10.60 10.55 10.51 10.48 10.44 10.42 10.39 10.37 10.36 10.34 10.33 10.33 10.32 10.32 10.32 10.33 10.34 10.35 10.36 10.37 10.39 10.41 10.44 10.46 10.49 10.52 10.56 10.60 10.64 10.68 10.73 10.78 10.83 10.88 10.94 11.01 11.07 11.14 11.21 11.29 11.36 11.44 11.52 11.60 11.66 11.71 11.73 11.74 11.73 11.69 11.64 11.56 11.46 11.35 11.20 11.04 10.85 10.65 10.41 10.16 9.88 9.58 9.25 8.91 8.54 8.16 7.78 7.40 7.01 6.62 6.23 5.83 5.43 5.03 4.62 4.21 3.80 3.38 2.97 2.55 2.13 1.70 1.28 0.85 0.43 0.00 
20.00 19.65 19.29 18.94 18.59 18.25 17.90 17.56 17.23 16.90 16.58 16.26 15.95 15.65 15.35 15.06 14.79 14.52 14.26 14.00 13.76 13.53 13.31 13.09 12.89 12.70 12.51 12.34 12.17 12.01 11.87 11.73 11.60 11.48 11.36 11.25 11.16 11.06 10.98 10.90 10.83 10.76 10.70 10.65 10.60 10.55 10.51 10.48 10.45 10.42 10.39 10.37 10.36 10.35 10.34 10.33 10.33 10.33 10.33 10.33 10.34 10.35 10.37 10.38 10.40 10.42 10.45 10.48 10.51 10.54 10.58 10.62 10.66 10.71 10.76 10.81 10.87 10.93 10.99 11.06 11.13 11.21 11.29 11.38 11.47 11.56 11.66 11.77 11.86 11.92 11.95 11.97 11.96 11.93 11.88 11.81 11.71 11.60 11.45 11.29 11.10 10.89 10.65 10.39 10.10 9.79 9.45 9.08 8.68 8.28 7.89 7.49 7.09 6.69 6.29 5.89 5.48 5.07 4.66 4.24 3.83 3.41 2.99 2.56 2.14 1.71 1.29 0.86 0.43 0.00 
20.00 19.65 19.29 18.94 18.59 18.25 17.90 17.56 17.23 16.90 16.58 16.26 15.95 15.65 15.35 15.06 14.79 14.52 14.26 14.01 13.76 13.53 13.31 13.10 12.89 12.70 12.51 12.34 12.17 12.02 11.87 11.73 11.60 11.48 11.36 11.26 11.16 11.07 10.98 10.90 10.83 10.76 10.70 10.65 10.60 10.55 10.51 10.48 10.45 10.42 10.40 10.38 10.36 10.35 10.34 10.33 10.33 10.33 10.33 10.34 10.35 10.36 10.37 10.39 10.41 10.44 10.46 10.49 10.52 10.56 10.60 10.64 10.69 10.74 10.79 10.85 10.91 10.97 11.04 11.12 11.19 11.28 11.37 11.46 11.56 11.67 11.79 11.92 12.02 12.10 12.15 12.17 12.17 12.15 12.10 12.03 11.94 11.82 11.68 11.51 11.32 11.10 10.86 10.59 10.29 9.97 9.61 9.23 8.81 8.39 7.98 7.57 7.17 6.76 6.35 5.94 5.52 5.11 4.69 4.27 3.85 3.43 3.01 2.58 2.15 1.72 1.29 0.86 0.43 0.00 
20.00 19.65 19.29 18.94 18.59 18.25 17.90 17.56 17.23 16.90 16.58 16.26 15.95 15.65 15.35 15.07 14.79 14.52 14.26 14.01 13.77 13.53 13.31 13.10 12.89 12.70 12.52 12.34 12.18 12.02 11.87 11.73 11.60 11.48 11.37 11.26 11.16 11.07 10.98 10.91 10.83 10.77 10.71 10.65 10.60 10.56 10.52 10.48 10.45 10.43 10.40 10.38 10.37 10.35 10.35 10.34 10.34 10.34 10.34 10.35 10.36 10.37 10.38 10.40 10.42 10.45 10.48 10.51 10.54 10.58 10.62 10.66 10.71 10.76 10.82 10.88 10.94 11.01 11.09 11.17 11.25 11.34 11.44 11.55 11.66 11.78 11.91 12.06 12.17 12.26 12.32 12.35 12.36 12.34 12.30 12.23 12.14 12.02 11.88 11.71 11.51 11.29 11.05 10.77 10.46 10.13 9.76 9.36 8.93 8.50 8.08 7.66 7.24 6.82 6.40 5.99 5.57 5.15 4.73 4.30 3.88 3.45 3.03 2.60 2.17 1.73 1.30 0.87 0.43 0.00 
20.00 19.65 19.29 18.94 18.59 18.25 17.90 17.56 17.23 16.90 16.58 16.26 15.95 15.65 15.35 15.07 14.79 14.52 14.26 14.01 13.77 13.54 13.31 13.10 12.90 12.70 12.52 12.34 12.18 12.02 11.87 11.74 11.61 11.48 11.37 11.26 11.16 11.07 10.99 10.91 10.84 10.77 10.71 10.66 10.61 10.56 10.52 10.49 10.46 10.43 10.41 10.39 10.37 10.36 10.35 10.35 10.34 10.35 10.35 10.36 10.37 10.38 10.40 10.41 10.44 10.46 10.49 10.52 10.56 10.60 10.64 10.68 10.74 10.79 10.85 10.91 10.98 11.05 11.13 11.22 11.31 11.41 11.51 11.62 11.75 11.88 12.02 12.18 12.31 12.40 12.47 12.51 12.52 12.51 12.47 12.41 12.31 12.20 12.05 11.88 11.69 11.46 11.21 10.93 10.61 10.27 9.89 9.48 9.03 8.59 8.16 7.73 7.31 6.88 6.46 6.03 5.61 5.18 4.76 4.33 3.90 3.47 3.04 2.61 2.18 1.74 1.31 0.87 0.44 0.00 
20.00 19.65 19.29 18.94 18.59 18.25 17.90 17.57 17.23 16.90 16.58 16.26 15.95 15.65 15.36 15.07 14.79 14.52 14.26 14.01 13.77 13.54 13.32 13.10 12.90 12.71 12.52 12.35 12.18 12.03 11.88 11.74 11.61 11.49 11.37 11.27 11.17 11.08 10.99 10.92 10.84 10.78 10.72 10.66 10.61 10.57 10.53 10.49 10.46 10.44 10.42 10.40 10.38 10.37 10.36 10.36 10.35 10.35 10.36 10.37 10.38 10.39 10.41 10.43 10.45 10.48 10.51 10.54 10.57 10.61 10.66 10.71 10.76 10.82 10.88 10.94 11.02 11.09 11.18 11.26 11.36 11.46 11.58 11.70 11.83 11.97 12.12 12.29 12.42 12.53 12.60 12.65 12.67 12.66 12.62 12.56 12.47 12.35 12.21 12.04 11.84 11.61 11.35 11.06 10.74 10.39 10.01 9.59 9.13 8.68 8.24 7.80 7.37 6.94 6.51 6.08 5.65 5.22 4.79 4.36 3.93 3.49 3.06 2.62 2.19 1.75 1.31 0.88 0.44 0.00 
20.00 19.65 19.29 18.94 18.60 18.25 17.91 17.57 17.23 16.91 16.58 16.27 15.96 15.66 15.36 15.08 14.80 14.53 14.27 14.02 13.78 13.54 13.32 13.11 12.91 12.71 12.53 12.35 12.19 12.03 11.89 11.75 11.62 11.50 11.38 11.28 11.18 11.08 11.00 10.92 10.85 10.78 10.73 10.67 10.62 10.58 10.54 10.50 10.47 10.45 10.42 10.40 10.39 10.38 10.37 10.37 10.36 10.36 10.37 10.38 10.39 10.40 10.42 10.44 10.46 10.49 10.52 10.55 10.59 10.63 10.68 10.73 10.78 10.84 10.91 10.97 11.05 11.13 11.21 11.31 11.41 11.52 11.63 11.76 11.90 12.05 12.21 12.38 12.52 12.63 12.71 12.77 12.79 12.78 12.75 12.69 12.60 12.48 12.34 12.17 11.96 11.73 11.47 11.18 10.86 10.50 10.11 9.68 9.21 8.76 8.31 7.86 7.42 6.98 6.55 6.12 5.68 5.25 4.82 4.38 3.95 3.51 3.07 2.64 2.20 1.76 1.32 0.88 0.44 0.00 
20.00 19.65 19.30 18.94 18.60 18.25 17.91 17.57 17.24 16.91 16.59 16.27 15.96 15.66 15.37 15.08 14.80 14.53 14.27 14.02 13.78 13.55 13.33 13.12 12.91 12.72 12.54 12.36 12.20 12.04 11.89 11.75 11.62 11.50 11.39 11.28 11.18 11.09 11.01 10.93 10.86 10.79 10.73 10.68 10.63 10.59 10.55 10.51 10.48 10.46 10.43 10.41 10.40 10.39 10.38 10.38 10.37 10.38 10.38 10.39 10.40 10.42 10.43 10.45 10.48 10.51 10.54 10.57 10.61 10.65 10.70 10.75 10.81 10.87 10.93 11.00 11.08 11.16 11.25 11.35 11.45 11.56 11.69 11.82 11.96 12.11 12.28 12.46 12.61 12.73 12.81 12.87 12.89 12.89 12.86 12.80 12.71 12.60 12.45 12.28 12.07 11.84 11.58 11.28 10.95 10.59 10.19 9.76 9.29 8.82 8.37 7.92 7.47 7.03 6.59 6.15 5.71 5.28 4.84 4.40 3.97 3.53 3.09 2.65 2.21 1.77 1.33 0.88 0.44 0.00 
20.00 19.65 19.30 18.95 18.60 18.25 17.91 17.57 17.24 16.91 16.59 16.27 15.97 15.66 15.37 15.09 14.81 14.54 14.28 14.03 13.79 13.56 13.34 13.12 12.92 12.73 12.54 12.37 12.21 12.05 11.90 11.76 11.63 11.51 11.40 11.29 11.19 11.10 11.02 10.94 10.87 10.80 10.74 10.69 10.64 10.60 10.56 10.52 10.49 10.47 10.44 10.43 10.41 10.40 10.39 10.39 10.39 10.39 10.39 10.40 10.41 10.43 10.45 10.47 10.49 10.52 10.55 10.59 10.63 10.67 10.72 10.77 10.83 10.89 10.96 11.03 11.11 11.19 11.28 11.38 11.49 11.61 11.73 11.87 12.01 12.17 12.34 12.53 12.68 12.80 12.89 12.95 12.98 12.98 12.95 12.89 12.80 12.69 12.54 12.37 12.16 11.93 11.66 11.36 11.03 10.66 10.26 9.82 9.35 8.88 8.42 7.96 7.51 7.07 6.62 6.18 5.74 5.30 4.86 4.42 3.98 3.54 3.10 2.66 2.22 1.78 1.33 0.89 0.44 0.00 
20.00 19.65 19.30 18.95 18.60 18.25 17.91 17.58 17.24 16.92 16.59 16.28 15.97 15.67 15.38 15.09 14.81 14.55 14.29 14.04 13.80 13.57 13.34 13.13 12.93 12.74 12.55 12.38 12.22 12.06 11.91 11.77 11.65 11.52 11.41 11.30 11.21 11.12 11.03 10.95 10.88 10.82 10.76 10.70 10.65 10.61 10.57 10.54 10.51 10.48 10.46 10.44 10.42 10.41 10.41 10.40 10.40 10.40 10.41 10.42 10.43 10.44 10.46 10.48 10.51 10.54 10.57 10.61 10.65 10.69 10.74 10.79 10.85 10.91 10.98 11.05 11.13 11.22 11.31 11.42 11.53 11.64 11.77 11.91 12.06 12.22 12.40 12.58 12.74 12.86 12.95 13.02 13.05 13.05 13.02 12.96 12.88 12.76 12.61 12.44 12.23 12.00 11.73 11.43 11.09 10.72 10.32 9.88 9.40 8.92 8.46 8.00 7.55 7.10 6.65 6.21 5.76 5.32 4.88 4.44 4.00 3.55 3.11 2.67 2.23 1.78 1.34 0.89 0.45 0.00 
20.00 19.65 19.30 18.95 18.60 18.26 17.92 17.58 17.25 16.92 16.60 16.28 15.98 15.68 15.38 15.10 14.82 14.55 14.30 14.05 13.81 13.58 13.35 13.14 12.94 12.75 12.57 12.39 12.23 12.07 11.93 11.79 11.66 11.54 11.42 11.32 11.22 11.13 11.04 10.97 10.90 10.83 10.77 10.72 10.67 10.62 10.59 10.55 10.52 10.49 10.47 10.45 10.44 10.43 10.42 10.42 10.42 10.42 10.42 10.43 10.45 10.46 10.48 10.50 10.53 10.55 10.59 10.62 10.66 10.71 10.76 10.81 10.87 10.93 11.00 11.08 11.16 11.25 11.34 11.44 11.55 11.67 11.80 11.94 12.10 12.26 12.44 12.63 12.78 12.91 13.00 13.07 13.10 13.10 13.07 13.02 12.93 12.81 12.67 12.49 12.29 12.05 11.78 11.48 11.14 10.77 10.36 9.92 9.43 8.96 8.49 8.03 7.58 7.12 6.67 6.23 5.78 5.34 4.90 4.45 4.01 3.57 3.12 2.68 2.23 1.79 1.34 0.89 0.45 0.00 
20.00 19.65 19.30 18.95 18.60 18.26 17.92 17.58 17.25 16.93 16.61 16.29 15.98 15.68 15.39 15.11 14.83 14.56 14.31 14.06 13.82 13.59 13.37 13.15 12.95 12.76 12.58 12.40 12.24 12.09 11.94 11.80 11.67 11.55 11.44 11.33 11.23 11.14 11.06 10.98 10.91 10.85 10.79 10.73 10.68 10.64 10.60 10.57 10.54 10.51 10.49 10.47 10.46 10.45 10.44 10.43 10.43 10.44 10.44 10.45 10.46 10.48 10.50 10.52 10.54 10.57 10.61 10.64 10.68 10.73 10.78 10.83 10.89 10.95 11.02 11.10 11.18 11.27 11.36 11.47 11.58 11.70 11.83 11.97 12.12 12.29 12.47 12.66 12.82 12.94 13.04 13.10 13.13 13.14 13.11 13.05 12.97 12.85 12.70 12.53 12.32 12.08 11.81 11.51 11.17 10.80 10.39 9.94 9.46 8.98 8.52 8.05 7.60 7.14 6.69 6.24 5.80 5.35 4.91 4.46 4.02 3.57 3.13 2.68 2.24 1.79 1.34 0.90 0.45 0.00 
20.00 19.65 19.30 18.95 18.61 18.26 17.92 17.59 17.26 16.93 16.61 16.30 15.99 15.69 15.40 15.12 14.84 14.57 14.32 14.07 13.83 13.60 13.38 13.17 12.97 12.78 12.59 12.42 12.26 12.10 11.95 11.82 11.69 11.57 11.45 11.35 11.25 11.16 11.08 11.00 10.93 10.86 10.80 10.75 10.70 10.66 10.62 10.59 10.56 10.53 10.51 10.49 10.48 10.46 10.46 10.45 10.45 10.45 10.46 10.47 10.48 10.50 10.52 10.54 10.56 10.59 10.62 10.66 10.70 10.75 10.80 10.85 10.91 10.97 11.04 11.12 11.20 11.29 11.38 11.49 11.60 11.72 11.85 11.99 12.14 12.31 12.49 12.68 12.84 12.96 13.06 13.12 13.15 13.16 13.13 13.07 12.99 12.87 12.72 12.55 12.34 12.10 11.83 11.53 11.19 10.82 10.41 9.96 9.48 9.00 8.53 8.07 7.61 7.16 6.70 6.26 5.81 5.36 4.92 4.47 4.03 3.58 3.14 2.69 2.24 1.79 1.35 0.90 0.45 0.00 
20.00 19.65 19.30 18.96 18.61 18.27 17.93 17.59 17.26 16.94 16.62 16.31 16.00 15.70 15.41 15.13 14.85 14.59 14.33 14.08 13.84 13.61 13.39 13.18 12.98 12.79 12.61 12.44 12.27 12.12 11.97 11.84 11.71 11.59 11.47 11.37 11.27 11.18 11.10 11.02 10.95 10.88 10.83 10.77 10.72 10.68 10.64 10.61 10.58 10.55 10.53 10.51 10.50 10.49 10.48 10.47 10.47 10.48 10.48 10.49 10.50 10.52 10.54 10.56 10.58 10.61 10.65 10.68 10.72 10.77 10.82 10.87 10.93 10.99 11.06 11.13 11.22 11.30 11.40 11.50 11.61 11.73 11.86 12.00 12.15 12.32 12.49 12.68 12.84 12.97 13.06 13.12 13.16 13.16 13.13 13.07 12.99 12.87 12.72 12.55 12.34 12.10 11.83 11.53 11.19 10.82 10.41 9.96 9.48 9.00 8.54 8.07 7.62 7.16 6.71 6.26 5.82 5.37 4.92 4.48 4.03 3.59 3.14 2.69 2.25 1.80 1.35 0.90 0.45 0.00 
20.00 19.65 19.30 18.96 18.61 18.27 17.93 17.60 17.27 16.95 16.63 16.32 16.01 15.71 15.42 15.14 14.87 14.60 14.34 14.10 13.86 13.63 13.41 13.20 13.00 12.81 12.63 12.46 12.29 12.14 11.99 11.86 11.73 11.61 11.49 11.39 11.29 11.20 11.12 11.04 10.97 10.91 10.85 10.79 10.75 10.70 10.66 10.63 10.60 10.57 10.55 10.53 10.52 10.51 10.50 10.50 10.50 10.50 10.50 10.51 10.53 10.54 10.56 10.58 10.61 10.63 10.67 10.70 10.74 10.79 10.84 10.89 10.95 11.01 11.08 11.15 11.23 11.32 11.41 11.51 11.62 11.74 11.87 12.01 12.16 12.32 12.49 12.68 12.84 12.96 13.05 13.11 13.14 13.14 13.11 13.06 12.97 12.85 12.71 12.53 12.32 12.09 11.82 11.51 11.18 10.81 10.40 9.96 9.47 9.00 8.53 8.07 7.62 7.16 6.71 6.27 5.82 5.37 4.93 4.48 4.04 3.59 3.14 2.70 2.25 1.80 1.35 0.90 0.45 0.00 
20.00 19.65 19.31 18.96 18.62 18.28 17.94 17.61 17.28 16.95 16.64 16.33 16.02 15.72 15.43 15.15 14.88 14.62 14.36 14.11 13.88 13.65 13.43 13.22 13.02 12.83 12.65 12.48 12.31 12.16 12.01 11.88 11.75 11.63 11.52 11.41 11.32 11.23 11.14 11.07 11.00 10.93 10.87 10.82 10.77 10.73 10.69 10.66 10.63 10.60 10.58 10.56 10.55 10.53 10.53 10.52 10.52 10.52 10.53 10.54 10.55 10.57 10.58 10.60 10.63 10.66 10.69 10.73 10.76 10.81 10.86 10.91 10.96 11.03 11.09 11.17 11.24 11.33 11.42 11.52 11.63 11.74 11.87 12.00 12.15 12.31 12.48 12.67 12.82 12.94 13.03 13.08 13.11 13.11 13.08 13.02 12.94 12.82 12.67 12.50 12.29 12.05 11.79 11.48 11.15 10.78 10.38 9.94 9.46 8.99 8.52 8.06 7.61 7.16 6.71 6.26 5.82 5.37 4.93 4.48 4.04 3.59 3.15 2.70 2.25 1.80 1.35 0.90 0.45 0.00 
20.00 19.65 19.31 18.96 18.62 18.28 17.95 17.61 17.29 16.96 16.65 16.34 16.03 15.74 15.45 15.17 14.90 14.63 14.38 14.13 13.89 13.67 13.45 13.24 13.04 12.85 12.67 12.50 12.34 12.18 12.04 11.90 11.78 11.66 11.54 11.44 11.34 11.25 11.17 11.09 11.02 10.96 10.90 10.85 10.80 10.76 10.72 10.68 10.65 10.63 10.61 10.59 10.57 10.56 10.56 10.55 10.55 10.55 10.56 10.57 10.58 10.59 10.61 10.63 10.66 10.68 10.71 10.75 10.79 10.83 10.88 10.93 10.98 11.04 11.11 11.18 11.26 11.34 11.43 11.53 11.63 11.74 11.86 12.00 12.14 12.29 12.46 12.64 12.79 12.90 12.99 13.04 13.07 13.06 13.03 12.97 12.88 12.77 12.62 12.44 12.24 12.00 11.74 11.44 11.11 10.74 10.34 9.91 9.43 8.96 8.50 8.05 7.60 7.15 6.70 6.26 5.82 5.37 4.93 4.48 4.04 3.59 3.15 2.70 2.25 1.80 1.35 0.90 0.45 0.00 
20.00 19.65 19.31 18.97 18.63 18.29 17.95 17.62 17.30 16.97 16.66 16.35 16.05 15.75 15.46 15.18 14.91 14.65 14.40 14.15 13.92 13.69 13.47 13.26 13.06 12.88 12.70 12.53 12.36 12.21 12.07 11.93 11.80 11.68 11.57 11.47 11.37 11.28 11.20 11.13 11.06 10.99 10.93 10.88 10.83 10.79 10.75 10.72 10.69 10.66 10.64 10.62 10.61 10.59 10.59 10.58 10.58 10.58 10.59 10.60 10.61 10.62 10.64 10.66 10.68 10.71 10.74 10.77 10.81 10.85 10.90 10.95 11.00 11.06 11.13 11.20 11.27 11.35 11.44 11.53 11.63 11.74 11.86 11.98 12.12 12.27 12.43 12.60 12.74 12.85 12.93 12.98 13.01 13.00 12.97 12.90 12.81 12.70 12.55 12.37 12.17 11.94 11.67 11.38 11.05 10.69 10.30 9.86 9.39 8.93 8.48 8.03 7.58 7.13 6.69 6.25 5.81 5.37 4.93 4.48 4.04 3.59 3.15 2.70 2.25 1.80 1.35 0.90 0.45 0.00 
20.00 19.66 19.31 18.97 18.63 18.29 17.96 17.63 17.31 16.99 16.67 16.36 16.06 15.77 15.48 15.20 14.93 14.67 14.42 14.17 13.94 13.71 13.50 13.29 13.09 12.90 12.72 12.55 12.39 12.24 12.10 11.96 11.84 11.72 11.61 11.50 11.41 11.32 11.23 11.16 11.09 11.03 10.97 10.91 10.87 10.82 10.78 10.75 10.72 10.70 10.67 10.66 10.64 10.63 10.62 10.62 10.62 10.62 10.62 10.63 10.64 10.65 10.67 10.69 10.71 10.74 10.77 10.80 10.84 10.88 10.92 10.97 11.02 11.08 11.14 11.21 11.28 11.36 11.44 11.53 11.63 11.73 11.84 11.96 12.09 12.23 12.39 12.55 12.69 12.79 12.86 12.91 12.93 12.92 12.88 12.82 12.72 12.61 12.46 12.29 12.08 11.85 11.59 11.30 10.98 10.62 10.23 9.81 9.35 8.89 8.44 8.00 7.56 7.12 6.68 6.24 5.80 5.36 4.92 4.48 4.04 3.59 3.15 2.70 2.25 1.80 1.35 0.90 0.45 0.00 
20.00 19.66 19.32 18.98 18.64 18.30 17.97 17.64 17.32 17.00 16.69 16.38 16.08 15.79 15.50 15.22 14.95 14.69 14.44 14.20 13.96 13.74 13.52 13.32 13.12 12.93 12.75 12.59 12.42 12.27 12.13 12.00 11.87 11.75 11.64 11.54 11.44 11.35 11.27 11.20 11.13 11.06 11.00 10.95 10.90 10.86 10.82 10.79 10.76 10.73 10.71 10.69 10.68 10.67 10.66 10.65 10.65 10.65 10.66 10.67 10.68 10.69 10.71 10.72 10.75 10.77 10.80 10.83 10.87 10.91 10.95 11.00 11.05 11.10 11.16 11.22 11.29 11.37 11.45 11.53 11.62 11.72 11.82 11.94 12.06 12.19 12.33 12.49 12.62 12.71 12.78 12.82 12.83 12.82 12.78 12.71 12.62 12.50 12.35 12.18 11.98 11.75 11.49 11.21 10.89 10.54 10.16 9.74 9.29 8.84 8.40 7.96 7.53 7.09 6.66 6.23 5.79 5.35 4.92 4.48 4.04 3.59 3.15 2.70 2.25 1.80 1.35 0.90 0.45 0.00 
20.00 19.66 19.32 18.98 18.64 18.31 17.98 17.65 17.33 17.01 16.70 16.40 16.10 15.81 15.52 15.25 14.98 14.72 14.47 14.23 13.99 13.77 13.55 13.35 13.15 12.97 12.79 12.62 12.46 12.31 12.17 12.03 11.91 11.79 11.68 11.58 11.48 11.39 11.31 11.24 11.17 11.10 11.05 10.99 10.95 10.90 10.87 10.83 10.80 10.78 10.75 10.74 10.72 10.71 10.70 10.70 10.69 10.70 10.70 10.71 10.72 10.73 10.74 10.76 10.78 10.81 10.84 10.87 10.90 10.94 10.98 11.02 11.07 11.12 11.18 11.24 11.31 11.38 11.45 11.53 11.61 11.71 11.80 11.91 12.02 12.14 12.27 12.42 12.53 12.62 12.68 12.71 12.72 12.70 12.65 12.58 12.49 12.37 12.22 12.05 11.85 11.63 11.38 11.10 10.79 10.45 10.07 9.67 9.22 8.79 8.35 7.93 7.50 7.07 6.64 6.21 5.78 5.35 4.91 4.47 4.03 3.59 3.15 2.70 2.25 1.81 1.36 0.90 0.45 0.00 
20.00 19.66 19.32 18.99 18.65 18.32 17.99 17.66 17.34 17.03 16.72 16.41 16.12 15.83 15.55 15.27 15.00 14.75 14.50 14.25 14.02 13.80 13.59 13.38 13.19 13.00 12.83 12.66 12.50 12.35 12.21 12.07 11.95 11.83 11.72 11.62 11.53 11.44 11.36 11.28 11.21 11.15 11.09 11.04 10.99 10.95 10.91 10.88 10.85 10.82 10.80 10.78 10.77 10.76 10.75 10.74 10.74 10.74 10.74 10.75 10.76 10.77 10.79 10.80 10.82 10.85 10.87 10.90 10.94 10.97 11.01 11.05 11.10 11.15 11.20 11.26 11.32 11.39 11.46 11.53 11.61 11.69 11.78 11.88 11.98 12.09 12.21 12.34 12.44 12.51 12.56 12.58 12.58 12.56 12.51 12.44 12.34 12.22 12.07 11.90 11.71 11.49 11.24 10.97 10.66 10.33 9.97 9.58 9.15 8.72 8.30 7.88 7.46 7.04 6.62 6.20 5.77 5.34 4.91 4.47 4.03 3.59 3.15 2.70 2.26 1.81 1.36 0.90 0.45 0.00 
20.00 19.66 19.33 18.99 18.66 18.33 18.00 17.68 17.36 17.05 16.74 16.44 16.14 15.85 15.57 15.30 15.03 14.78 14.53 14.29 14.06 13.84 13.62 13.42 13.23 13.04 12.87 12.70 12.54 12.39 12.25 12.12 11.99 11.88 11.77 11.67 11.57 11.49 11.40 11.33 11.26 11.20 11.14 11.09 11.04 11.00 10.96 10.93 10.90 10.87 10.85 10.83 10.82 10.81 10.80 10.79 10.79 10.79 10.79 10.80 10.81 10.82 10.83 10.85 10.87 10.89 10.92 10.94 10.97 11.01 11.05 11.09 11.13 11.18 11.23 11.28 11.34 11.40 11.46 11.53 11.60 11.68 11.76 11.85 11.94 12.03 12.13 12.24 12.32 12.38 12.42 12.43 12.43 12.40 12.34 12.27 12.17 12.05 11.90 11.74 11.54 11.33 11.08 10.81 10.52 10.20 9.85 9.47 9.06 8.66 8.25 7.84 7.43 7.02 6.60 6.18 5.76 5.33 4.90 4.47 4.03 3.59 3.15 2.70 2.26 1.81 1.36 0.91 0.45 0.00 
20.00 19.66 19.33 19.00 18.67 18.34 18.01 17.69 17.38 17.06 16.76 16.46 16.16 15.88 15.60 15.33 15.06 14.81 14.56 14.32 14.09 13.87 13.66 13.46 13.27 13.08 12.91 12.74 12.59 12.44 12.30 12.17 12.04 11.93 11.82 11.72 11.63 11.54 11.46 11.38 11.32 11.25 11.20 11.14 11.10 11.05 11.02 10.98 10.95 10.93 10.91 10.89 10.87 10.86 10.85 10.85 10.84 10.84 10.84 10.85 10.86 10.87 10.88 10.90 10.92 10.94 10.96 10.99 11.02 11.05 11.08 11.12 11.16 11.21 11.25 11.30 11.36 11.41 11.47 11.53 11.60 11.67 11.74 11.82 11.89 11.97 12.05 12.13 12.19 12.23 12.26 12.27 12.25 12.21 12.16 12.08 11.98 11.86 11.71 11.54 11.35 11.14 10.90 10.64 10.36 10.05 9.71 9.35 8.98 8.59 8.20 7.80 7.40 6.99 6.58 6.17 5.75 5.32 4.90 4.47 4.03 3.59 3.15 2.71 2.26 1.81 1.36 0.91 0.45 0.00 
20.00 19.67 19.34 19.00 18.68 18.35 18.03 17.71 17.39 17.08 16.78 16.48 16.19 15.90 15.63 15.36 15.10 14.84 14.60 14.36 14.13 13.92 13.71 13.51 13.31 13.13 12.96 12.79 12.64 12.49 12.35 12.22 12.10 11.98 11.88 11.77 11.68 11.60 11.52 11.44 11.37 11.31 11.25 11.20 11.16 11.11 11.08 11.04 11.01 10.99 10.97 10.95 10.93 10.92 10.91 10.90 10.90 10.90 10.90 10.91 10.91 10.92 10.94 10.95 10.97 10.99 11.01 11.04 11.06 11.09 11.13 11.16 11.20 11.24 11.29 11.33 11.38 11.43 11.49 11.54 11.60 11.66 11.72 11.79 11.85 11.92 11.98 12.04 12.08 12.11 12.12 12.12 12.10 12.06 11.99 11.91 11.81 11.69 11.54 11.38 11.19 10.98 10.75 10.49 10.22 9.92 9.60 9.26 8.90 8.53 8.15 7.76 7.37 6.97 6.57 6.16 5.74 5.32 4.90 4.47 4.03 3.60 3.15 2.71 2.26 1.81 1.36 0.91 0.45 0.00 
20.00 19.67 19.34 19.01 18.69 18.36 18.04 17.72 17.41 17.10 16.80 16.51 16.22 15.94 15.66 15.39 15.13 14.88 14.64 14.40 14.18 13.96 13.75 13.55 13.36 13.18 13.01 12.85 12.69 12.55 12.41 12.28 12.16 12.04 11.94 11.84 11.74 11.66 11.58 11.50 11.44 11.38 11.32 11.27 11.22 11.18 11.14 11.11 11.08 11.05 11.03 11.01 11.00 10.98 10.98 10.97 10.97 10.96 10.97 10.97 10.98 10.99 11.00 11.01 11.03 11.05 11.07 11.09 11.12 11.14 11.18 11.21 11.24 11.28 11.32 11.36 11.41 11.46 11.50 11.55 11.61 11.66 11.71 11.77 11.82 11.87 11.92 11.96 11.99 12.01 12.01 12.00 11.97 11.92 11.86 11.77 11.67 11.54 11.40 11.24 11.05 10.84 10.62 10.37 10.10 9.81 9.50 9.17 8.83 8.47 8.10 7.73 7.34 6.95 6.55 6.15 5.74 5.32 4.90 4.47 4.04 3.60 3.16 2.72 2.27 1.82 1.37 0.91 0.46 0.00 
20.00 19.67 19.35 19.02 18.70 18.38 18.06 17.74 17.43 17.13 16.83 16.54 16.25 15.97 15.69 15.43 15.17 14.92 14.68 14.45 14.22 14.01 13.80 13.61 13.42 13.24 13.07 12.90 12.75 12.61 12.47 12.34 12.22 12.11 12.00 11.90 11.81 11.72 11.65 11.57 11.51 11.44 11.39 11.34 11.29 11.25 11.21 11.18 11.15 11.12 11.10 11.08 11.07 11.06 11.05 11.04 11.03 11.03 11.03 11.04 11.04 11.05 11.06 11.08 11.09 11.11 11.13 11.15 11.17 11.20 11.23 11.26 11.29 11.33 11.36 11.40 11.44 11.48 11.53 11.57 11.62 11.66 11.71 11.75 11.80 11.84 11.87 11.90 11.92 11.92 11.92 11.90 11.86 11.81 11.74 11.65 11.55 11.42 11.28 11.12 10.93 10.73 10.51 10.26 10.00 9.72 9.42 9.10 8.77 8.43 8.07 7.70 7.33 6.94 6.55 6.15 5.74 5.32 4.90 4.48 4.05 3.61 3.17 2.72 2.27 1.82 1.37 0.91 0.46 0.00 
20.00 19.68 19.35 19.03 18.71 18.39 18.07 17.76 17.46 17.15 16.86 16.57 16.28 16.00 15.73 15.47 15.21 14.97 14.73 14.50 14.28 14.06 13.86 13.66 13.47 13.30 13.13 12.97 12.81 12.67 12.54 12.41 12.29 12.18 12.07 11.97 11.88 11.80 11.72 11.65 11.58 11.52 11.46 11.41 11.37 11.33 11.29 11.26 11.23 11.20 11.18 11.16 11.14 11.13 11.12 11.11 11.11 11.11 11.11 11.11 11.12 11.12 11.13 11.15 11.16 11.18 11.19 11.21 11.24 11.26 11.29 11.32 11.35 11.38 11.41 11.45 11.48 11.52 11.56 11.60 11.64 11.67 11.71 11.75 11.78 11.81 11.84 11.85 11.86 11.86 11.85 11.82 11.78 11.72 11.65 11.56 11.45 11.32 11.18 11.02 10.84 10.64 10.42 10.18 9.93 9.65 9.36 9.05 8.73 8.39 8.04 7.68 7.31 6.93 6.55 6.15 5.74 5.33 4.91 4.49 4.06 3.62 3.18 2.73 2.28 1.83 1.38 0.92 0.46 0.00 
20.00 19.68 19.36 19.04 18.72 18.40 18.09 17.78 17.48 17.18 16.89 16.60 16.32 16.04 15.77 15.51 15.26 15.02 14.78 14.55 14.33 14.12 13.92 13.72 13.54 13.36 13.19 13.03 12.88 12.74 12.61 12.48 12.36 12.25 12.15 12.05 11.96 11.88 11.80 11.73 11.66 11.60 11.55 11.50 11.45 11.41 11.37 11.34 11.31 11.28 11.26 11.24 11.23 11.21 11.20 11.20 11.19 11.19 11.19 11.19 11.20 11.20 11.21 11.22 11.24 11.25 11.27 11.29 11.31 11.33 11.35 11.38 11.41 11.43 11.46 11.50 11.53 11.56 11.59 11.63 11.66 11.69 11.72 11.75 11.78 11.80 11.81 11.82 11.82 11.81 11.79 11.76 11.71 11.65 11.57 11.48 11.37 11.25 11.10 10.94 10.76 10.57 10.35 10.12 9.87 9.60 9.32 9.02 8.70 8.37 8.03 7.68 7.31 6.94 6.55 6.16 5.76 5.35 4.93 4.50 4.07 3.64 3.19 2.75 2.29 1.84 1.38 0.92 0.46 0.00 
20.00 19.68 19.36 19.05 18.73 18.42 18.11 17.81 17.51 17.21 16.92 16.63 16.36 16.08 15.82 15.56 15.31 15.07 14.83 14.61 14.39 14.18 13.98 13.79 13.60 13.43 13.26 13.11 12.96 12.82 12.68 12.56 12.44 12.33 12.23 12.13 12.04 11.96 11.88 11.81 11.75 11.69 11.63 11.58 11.54 11.50 11.46 11.43 11.40 11.37 11.35 11.33 11.32 11.30 11.29 11.29 11.28 11.28 11.28 11.28 11.28 11.29 11.30 11.31 11.32 11.33 11.35 11.36 11.38 11.40 11.42 11.45 11.47 11.50 11.53 11.55 11.58 11.61 11.64 11.67 11.69 11.72 11.75 11.77 11.79 11.80 11.81 11.81 11.80 11.78 11.76 11.72 11.67 11.60 11.52 11.42 11.31 11.19 11.04 10.89 10.71 10.51 10.30 10.07 9.83 9.57 9.29 8.99 8.68 8.36 8.03 7.68 7.32 6.95 6.56 6.17 5.77 5.36 4.95 4.52 4.09 3.65 3.21 2.76 2.31 1.85 1.39 0.93 0.46 0.00 
20.00 19.69 19.37 19.06 18.75 18.44 18.13 17.83 17.53 17.24 16.95 16.67 16.40 16.13 15.87 15.61 15.36 15.12 14.89 14.67 14.45 14.25 14.05 13.86 13.68 13.50 13.34 13.18 13.04 12.90 12.77 12.64 12.53 12.42 12.32 12.22 12.13 12.05 11.98 11.91 11.84 11.78 11.73 11.68 11.63 11.59 11.56 11.52 11.50 11.47 11.45 11.43 11.41 11.40 11.39 11.38 11.38 11.37 11.37 11.37 11.38 11.38 11.39 11.40 11.41 11.42 11.43 11.45 11.47 11.48 11.50 11.52 11.55 11.57 11.59 11.62 11.64 11.67 11.69 11.72 11.74 11.76 11.78 11.79 11.81 11.81 11.81 11.81 11.79 11.77 11.74 11.69 11.64 11.57 11.49 11.39 11.28 11.15 11.01 10.85 10.67 10.48 10.27 10.05 9.81 9.55 9.28 8.99 8.68 8.36 8.03 7.69 7.33 6.97 6.59 6.20 5.80 5.39 4.97 4.55 4.12 3.68 3.23 2.78 2.33 1.87 1.40 0.94 0.47 0.00 
20.00 19.69 19.38 19.07 18.76 18.46 18.16 17.86 17.57 17.28 16.99 16.71 16.44 16.18 15.92 15.66 15.42 15.18 14.95 14.73 14.52 14.32 14.12 13.93 13.76 13.58 13.42 13.27 13.12 12.99 12.86 12.73 12.62 12.51 12.41 12.32 12.23 12.15 12.07 12.00 11.94 11.88 11.83 11.78 11.74 11.70 11.66 11.63 11.60 11.57 11.55 11.53 11.52 11.50 11.49 11.48 11.48 11.47 11.47 11.47 11.48 11.48 11.49 11.49 11.50 11.51 11.53 11.54 11.56 11.57 11.59 11.61 11.63 11.65 11.67 11.69 11.71 11.73 11.75 11.77 11.79 11.81 11.82 11.83 11.84 11.84 11.83 11.82 11.80 11.77 11.74 11.69 11.63 11.56 11.47 11.37 11.26 11.13 10.99 10.83 10.66 10.47 10.26 10.04 9.80 9.55 9.28 8.99 8.70 8.38 8.05 7.71 7.36 7.00 6.62 6.23 5.83 5.43 5.01 4.58 4.15 3.71 3.26 2.80 2.35 1.88 1.41 0.94 0.47 0.00 
20.00 19.69 19.39 19.08 18.78 18.48 18.18 17.89 17.60 17.31 17.03 16.76 16.49 16.23 15.97 15.72 15.48 15.25 15.02 14.80 14.59 14.39 14.20 14.01 13.84 13.67 13.51 13.36 13.21 13.08 12.95 12.83 12.72 12.61 12.51 12.42 12.33 12.25 12.18 12.11 12.05 11.99 11.94 11.89 11.84 11.81 11.77 11.74 11.71 11.68 11.66 11.64 11.63 11.61 11.60 11.59 11.59 11.58 11.58 11.58 11.58 11.59 11.59 11.60 11.61 11.62 11.63 11.64 11.65 11.67 11.69 11.70 11.72 11.74 11.76 11.77 11.79 11.81 11.83 11.84 11.85 11.87 11.87 11.88 11.88 11.88 11.87 11.85 11.83 11.79 11.75 11.70 11.64 11.56 11.48 11.38 11.26 11.13 10.99 10.83 10.66 10.47 10.27 10.05 9.82 9.57 9.30 9.02 8.72 8.41 8.09 7.75 7.40 7.04 6.66 6.27 5.88 5.47 5.05 4.62 4.19 3.74 3.29 2.83 2.37 1.90 1.43 0.95 0.48 0.00 
20.00 19.70 19.40 19.10 18.80 18.50 18.21 17.92 17.63 17.35 17.07 16.80 16.54 16.28 16.03 15.78 15.55 15.32 15.09 14.88 14.67 14.47 14.28 14.10 13.93 13.76 13.60 13.45 13.31 13.18 13.05 12.93 12.82 12.72 12.62 12.53 12.44 12.36 12.29 12.22 12.16 12.11 12.05 12.01 11.96 11.92 11.89 11.86 11.83 11.80 11.78 11.76 11.75 11.73 11.72 11.71 11.71 11.70 11.70 11.70 11.70 11.70 11.71 11.71 11.72 11.73 11.74 11.75 11.76 11.77 11.79 11.80 11.82 11.83 11.85 11.86 11.88 11.89 11.91 11.92 11.93 11.94 11.94 11.94 11.94 11.93 11.91 11.89 11.87 11.83 11.78 11.73 11.66 11.59 11.50 11.40 11.28 11.15 11.01 10.85 10.68 10.50 10.30 10.08 9.85 9.60 9.34 9.06 8.76 8.46 8.14 7.80 7.45 7.09 6.71 6.33 5.93 5.52 5.10 4.67 4.23 3.78 3.33 2.87 2.40 1.92 1.45 0.97 0.48 0.00 
20.00 19.70 19.41 19.11 18.82 18.52 18.24 17.95 17.67 17.39 17.12 16.85 16.59 16.34 16.09 15.85 15.62 15.39 15.17 14.96 14.76 14.56 14.37 14.19 14.02 13.86 13.70 13.56 13.42 13.29 13.16 13.04 12.93 12.83 12.73 12.64 12.56 12.48 12.41 12.35 12.28 12.23 12.18 12.13 12.09 12.05 12.01 11.98 11.95 11.93 11.91 11.89 11.87 11.86 11.85 11.84 11.83 11.83 11.82 11.82 11.82 11.83 11.83 11.83 11.84 11.85 11.86 11.87 11.88 11.89 11.90 11.91 11.93 11.94 11.95 11.97 11.98 11.99 12.00 12.01 12.01 12.02 12.02 12.01 12.01 11.99 11.98 11.95 11.92 11.88 11.83 11.77 11.71 11.63 11.54 11.43 11.32 11.19 11.05 10.89 10.72 10.54 10.34 10.12 9.89 9.65 9.39 9.11 8.82 8.52 8.20 7.86 7.52 7.15 6.78 6.39 5.99 5.58 5.16 4.73 4.28 3.83 3.37 2.90 2.43 1.95 1.47 0.98 0.49 0.00 
20.00 19.71 19.42 19.13 18.84 18.55 18.27 17.99 17.71 17.44 17.17 16.91 16.65 16.40 16.16 15.92 15.69 15.47 15.25 15.04 14.84 14.65 14.47 14.29 14.12 13.96 13.81 13.67 13.53 13.40 13.28 13.16 13.05 12.95 12.86 12.77 12.69 12.61 12.54 12.47 12.41 12.36 12.31 12.26 12.22 12.18 12.15 12.12 12.09 12.06 12.04 12.02 12.01 11.99 11.98 11.97 11.97 11.96 11.96 11.96 11.96 11.96 11.96 11.96 11.97 11.98 11.98 11.99 12.00 12.01 12.02 12.03 12.04 12.06 12.07 12.08 12.09 12.09 12.10 12.11 12.11 12.11 12.11 12.10 12.09 12.07 12.05 12.02 11.99 11.95 11.90 11.84 11.77 11.69 11.59 11.49 11.37 11.25 11.10 10.95 10.78 10.60 10.40 10.19 9.96 9.71 9.46 9.18 8.89 8.59 8.27 7.94 7.59 7.23 6.86 6.47 6.07 5.65 5.23 4.79 4.35 3.89 3.42 2.95 2.47 1.98 1.49 1.00 0.50 0.00 
20.00 19.71 19.43 19.14 18.86 18.58 18.30 18.02 17.75 17.48 17.22 16.96 16.71 16.47 16.23 15.99 15.77 15.55 15.34 15.13 14.94 14.75 14.57 14.40 14.23 14.07 13.92 13.78 13.65 13.52 13.40 13.29 13.18 13.08 12.99 12.90 12.82 12.74 12.68 12.61 12.55 12.50 12.45 12.40 12.36 12.32 12.29 12.26 12.23 12.21 12.19 12.17 12.15 12.14 12.13 12.12 12.11 12.10 12.10 12.10 12.10 12.10 12.10 12.10 12.11 12.11 12.12 12.13 12.14 12.14 12.15 12.16 12.17 12.18 12.19 12.20 12.20 12.21 12.21 12.22 12.22 12.22 12.21 12.20 12.19 12.17 12.14 12.11 12.07 12.03 11.98 11.91 11.84 11.76 11.67 11.56 11.45 11.32 11.18 11.02 10.86 10.67 10.48 10.27 10.04 9.80 9.54 9.27 8.98 8.68 8.36 8.03 7.69 7.32 6.95 6.56 6.15 5.74 5.31 4.87 4.42 3.95 3.48 3.00 2.51 2.02 1.52 1.01 0.51 0.00 
20.00 19.72 19.44 19.16 18.88 18.60 18.33 18.06 17.79 17.53 17.28 17.02 16.78 16.54 16.30 16.07 15.85 15.64 15.43 15.23 15.04 14.85 14.68 14.51 14.34 14.19 14.04 13.90 13.77 13.65 13.53 13.42 13.31 13.22 13.12 13.04 12.96 12.89 12.82 12.76 12.70 12.64 12.60 12.55 12.51 12.47 12.44 12.41 12.38 12.36 12.34 12.32 12.30 12.29 12.28 12.27 12.26 12.26 12.25 12.25 12.25 12.25 12.25 12.25 12.26 12.26 12.27 12.27 12.28 12.29 12.29 12.30 12.31 12.32 12.32 12.33 12.33 12.34 12.34 12.34 12.34 12.33 12.32 12.31 12.29 12.27 12.25 12.21 12.17 12.13 12.07 12.01 11.93 11.85 11.76 11.65 11.54 11.41 11.27 11.12 10.95 10.77 10.57 10.36 10.14 9.90 9.64 9.37 9.09 8.79 8.47 8.14 7.79 7.43 7.05 6.66 6.25 5.83 5.40 4.95 4.50 4.03 3.55 3.06 2.56 2.06 1.55 1.03 0.52 0.00 
20.00 19.72 19.45 19.18 18.90 18.63 18.37 18.10 17.84 17.59 17.33 17.09 16.85 16.61 16.38 16.16 15.94 15.73 15.53 15.33 15.14 14.96 14.79 14.62 14.46 14.31 14.17 14.03 13.90 13.78 13.67 13.56 13.46 13.36 13.27 13.19 13.11 13.04 12.97 12.91 12.85 12.80 12.75 12.71 12.67 12.63 12.60 12.57 12.54 12.52 12.50 12.48 12.47 12.45 12.44 12.43 12.42 12.42 12.41 12.41 12.41 12.41 12.41 12.41 12.41 12.42 12.42 12.43 12.43 12.44 12.44 12.45 12.46 12.46 12.47 12.47 12.47 12.48 12.48 12.47 12.47 12.46 12.45 12.44 12.42 12.39 12.36 12.33 12.29 12.24 12.18 12.12 12.04 11.96 11.87 11.76 11.65 11.52 11.38 11.23 11.06 10.88 10.69 10.48 10.26 10.02 9.76 9.50 9.21 8.91 8.59 8.26 7.91 7.55 7.17 6.78 6.37 5.94 5.50 5.05 4.59 4.11 3.62 3.12 2.62 2.10 1.58 1.06 0.53 0.00 
20.00 19.73 19.46 19.19 18.93 18.66 18.40 18.15 17.89 17.64 17.39 17.15 16.92 16.69 16.46 16.24 16.03 15.83 15.63 15.44 15.25 15.08 14.91 14.75 14.59 14.44 14.30 14.17 14.04 13.92 13.81 13.70 13.61 13.51 13.42 13.34 13.27 13.20 13.13 13.07 13.02 12.96 12.92 12.87 12.84 12.80 12.77 12.74 12.71 12.69 12.67 12.65 12.64 12.62 12.61 12.60 12.59 12.59 12.58 12.58 12.58 12.58 12.58 12.58 12.58 12.58 12.59 12.59 12.60 12.60 12.61 12.61 12.61 12.62 12.62 12.62 12.63 12.63 12.62 12.62 12.61 12.60 12.59 12.57 12.55 12.53 12.50 12.46 12.42 12.37 12.31 12.24 12.17 12.09 11.99 11.89 11.77 11.64 11.51 11.35 11.19 11.01 10.82 10.61 10.39 10.15 9.90 9.63 9.35 9.05 8.73 8.40 8.05 7.69 7.31 6.91 6.49 6.07 5.62 5.16 4.69 4.20 3.71 3.20 2.68 2.15 1.62 1.08 0.54 0.00 
20.00 19.74 19.48 19.21 18.96 18.70 18.44 18.19 17.94 17.70 17.46 17.22 16.99 16.77 16.55 16.34 16.13 15.93 15.74 15.55 15.37 15.20 15.03 14.87 14.72 14.58 14.44 14.31 14.19 14.07 13.96 13.86 13.76 13.67 13.59 13.51 13.43 13.36 13.30 13.24 13.19 13.14 13.09 13.05 13.01 12.98 12.95 12.92 12.89 12.87 12.85 12.83 12.82 12.80 12.79 12.78 12.77 12.77 12.76 12.76 12.76 12.76 12.76 12.76 12.76 12.76 12.76 12.77 12.77 12.77 12.78 12.78 12.78 12.79 12.79 12.79 12.79 12.79 12.78 12.78 12.77 12.76 12.74 12.73 12.70 12.68 12.64 12.61 12.56 12.51 12.45 12.39 12.31 12.23 12.13 12.03 11.91 11.79 11.65 11.50 11.34 11.16 10.97 10.76 10.54 10.31 10.06 9.79 9.51 9.21 8.89 8.56 8.21 7.84 7.46 7.06 6.64 6.20 5.75 5.29 4.80 4.31 3.80 3.28 2.75 2.21 1.67 1.11 0.56 0.00 
20.00 19.74 19.49 19.24 18.98 18.73 18.48 18.24 18.00 17.76 17.53 17.30 17.07 16.85 16.64 16.43 16.23 16.04 15.85 15.67 15.49 15.33 15.17 15.01 14.86 14.72 14.59 14.46 14.34 14.23 14.12 14.02 13.93 13.84 13.76 13.68 13.61 13.54 13.48 13.42 13.37 13.32 13.28 13.23 13.20 13.16 13.13 13.11 13.08 13.06 13.04 13.02 13.01 12.99 12.98 12.97 12.96 12.96 12.95 12.95 12.95 12.94 12.94 12.94 12.94 12.95 12.95 12.95 12.95 12.96 12.96 12.96 12.96 12.96 12.96 12.96 12.96 12.96 12.95 12.95 12.94 12.92 12.91 12.89 12.87 12.84 12.80 12.76 12.72 12.67 12.61 12.54 12.47 12.38 12.29 12.19 12.07 11.95 11.81 11.66 11.50 11.32 11.13 10.93 10.71 10.48 10.23 9.96 9.68 9.38 9.07 8.73 8.38 8.01 7.63 7.22 6.80 6.36 5.90 5.42 4.93 4.43 3.91 3.38 2.83 2.28 1.72 1.15 0.57 0.00 
20.00 19.75 19.50 19.26 19.01 18.77 18.53 18.29 18.06 17.82 17.60 17.37 17.16 16.94 16.74 16.54 16.34 16.15 15.97 15.79 15.62 15.46 15.30 15.15 15.01 14.88 14.75 14.62 14.51 14.40 14.29 14.19 14.10 14.02 13.94 13.86 13.79 13.73 13.67 13.61 13.56 13.51 13.47 13.43 13.39 13.36 13.33 13.30 13.28 13.26 13.24 13.22 13.20 13.19 13.18 13.17 13.16 13.16 13.15 13.15 13.14 13.14 13.14 13.14 13.14 13.14 13.14 13.15 13.15 13.15 13.15 13.15 13.15 13.15 13.15 13.15 13.15 13.14 13.14 13.13 13.12 13.10 13.09 13.07 13.04 13.01 12.98 12.94 12.89 12.84 12.78 12.71 12.64 12.56 12.46 12.36 12.25 12.12 11.99 11.84 11.68 11.51 11.32 11.12 10.90 10.67 10.42 10.16 9.88 9.58 9.26 8.93 8.58 8.20 7.81 7.40 6.98 6.53 6.06 5.58 5.08 4.56 4.03 3.48 2.92 2.35 1.77 1.18 0.59 0.00 
20.00 19.76 19.52 19.28 19.04 18.81 18.57 18.34 18.12 17.89 17.67 17.46 17.25 17.04 16.84 16.64 16.45 16.27 16.09 15.92 15.76 15.60 15.45 15.30 15.17 15.03 14.91 14.79 14.68 14.57 14.47 14.37 14.28 14.20 14.12 14.05 13.98 13.92 13.86 13.81 13.76 13.71 13.67 13.63 13.60 13.56 13.53 13.51 13.48 13.46 13.44 13.43 13.41 13.40 13.39 13.38 13.37 13.37 13.36 13.36 13.35 13.35 13.35 13.35 13.35 13.35 13.35 13.35 13.35 13.35 13.35 13.35 13.35 13.35 13.35 13.35 13.35 13.34 13.33 13.32 13.31 13.30 13.28 13.26 13.23 13.20 13.17 13.13 13.08 13.03 12.97 12.90 12.83 12.74 12.65 12.55 12.44 12.32 12.18 12.04 11.88 11.71 11.52 11.32 11.11 10.88 10.63 10.37 10.09 9.79 9.48 9.14 8.79 8.41 8.02 7.61 7.17 6.72 6.24 5.75 5.24 4.71 4.16 3.60 3.02 2.43 1.83 1.23 0.61 0.00 
20.00 19.77 19.54 19.30 19.07 18.85 18.62 18.40 18.18 17.96 17.75 17.54 17.34 17.14 16.94 16.76 16.57 16.40 16.22 16.06 15.90 15.75 15.60 15.46 15.33 15.20 15.08 14.96 14.85 14.75 14.65 14.56 14.47 14.39 14.32 14.25 14.18 14.12 14.07 14.01 13.96 13.92 13.88 13.84 13.81 13.78 13.75 13.72 13.70 13.68 13.66 13.65 13.63 13.62 13.61 13.60 13.59 13.58 13.58 13.57 13.57 13.57 13.57 13.57 13.57 13.57 13.57 13.57 13.57 13.57 13.57 13.57 13.57 13.56 13.56 13.56 13.55 13.55 13.54 13.53 13.52 13.50 13.48 13.46 13.43 13.40 13.37 13.33 13.28 13.23 13.17 13.10 13.03 12.95 12.86 12.76 12.65 12.53 12.39 12.25 12.09 11.93 11.74 11.55 11.33 11.11 10.86 10.60 10.32 10.03 9.71 9.37 9.02 8.64 8.25 7.83 7.39 6.93 6.45 5.94 5.42 4.87 4.31 3.73 3.13 2.52 1.90 1.27 0.64 0.00 
20.00 19.78 19.55 19.33 19.11 18.89 18.67 18.46 18.24 18.03 17.83 17.63 17.43 17.24 17.05 16.87 16.70 16.52 16.36 16.20 16.05 15.90 15.76 15.62 15.49 15.37 15.25 15.14 15.04 14.94 14.84 14.76 14.67 14.60 14.52 14.45 14.39 14.33 14.28 14.23 14.18 14.14 14.10 14.06 14.03 14.00 13.97 13.95 13.93 13.91 13.89 13.87 13.86 13.85 13.84 13.83 13.82 13.81 13.81 13.80 13.80 13.80 13.79 13.79 13.79 13.79 13.79 13.79 13.79 13.79 13.79 13.79 13.79 13.79 13.78 13.78 13.77 13.77 13.76 13.75 13.73 13.72 13.70 13.67 13.65 13.62 13.58 13.54 13.50 13.44 13.39 13.32 13.25 13.17 13.08 12.98 12.87 12.75 12.62 12.48 12.33 12.16 11.98 11.79 11.58 11.35 11.11 10.85 10.58 10.28 9.97 9.63 9.27 8.90 8.50 8.07 7.63 7.16 6.67 6.15 5.62 5.06 4.48 3.88 3.26 2.63 1.98 1.33 0.67 0.00 
20.00 19.78 19.57 19.36 19.14 18.93 18.72 18.52 18.31 18.11 17.91 17.72 17.53 17.35 17.17 16.99 16.82 16.66 16.50 16.35 16.20 16.06 15.92 15.79 15.67 15.55 15.44 15.33 15.23 15.13 15.04 14.96 14.88 14.81 14.74 14.67 14.61 14.55 14.50 14.45 14.41 14.37 14.33 14.29 14.26 14.23 14.21 14.18 14.16 14.14 14.13 14.11 14.10 14.08 14.07 14.07 14.06 14.05 14.05 14.04 14.04 14.03 14.03 14.03 14.03 14.03 14.03 14.03 14.03 14.03 14.02 14.02 14.02 14.02 14.01 14.01 14.00 14.00 13.99 13.98 13.96 13.94 13.92 13.90 13.88 13.84 13.81 13.77 13.72 13.67 13.62 13.55 13.48 13.40 13.31 13.22 13.11 12.99 12.87 12.73 12.58 12.41 12.24 12.05 11.84 11.62 11.38 11.12 10.85 10.56 10.24 9.91 9.55 9.17 8.77 8.34 7.89 7.42 6.92 6.39 5.84 5.26 4.66 4.04 3.40 2.74 2.07 1.39 0.70 0.00 
20.00 19.79 19.59 19.38 19.18 18.98 18.78 18.58 18.38 18.19 18.00 17.82 17.64 17.46 17.29 17.12 16.96 16.80 16.65 16.50 16.36 16.22 16.09 15.97 15.85 15.74 15.63 15.53 15.43 15.34 15.25 15.17 15.09 15.02 14.96 14.89 14.84 14.78 14.73 14.68 14.64 14.60 14.57 14.53 14.50 14.47 14.45 14.43 14.41 14.39 14.37 14.36 14.34 14.33 14.32 14.31 14.31 14.30 14.29 14.29 14.29 14.28 14.28 14.28 14.28 14.28 14.27 14.27 14.27 14.27 14.27 14.27 14.26 14.26 14.26 14.25 14.25 14.24 14.23 14.22 14.20 14.18 14.16 14.14 14.12 14.09 14.05 14.01 13.97 13.92 13.86 13.80 13.73 13.65 13.56 13.47 13.37 13.25 13.13 12.99 12.85 12.69 12.51 12.32 12.12 11.90 11.67 11.42 11.14 10.85 10.54 10.21 9.85 9.47 9.07 8.64 8.18 7.70 7.19 6.65 6.08 5.49 4.87 4.23 3.56 2.88 2.17 1.46 0.73 0.00 
20.00 19.80 19.61 19.41 19.22 19.02 18.83 18.64 18.46 18.27 18.09 17.92 17.74 17.57 17.41 17.25 17.10 16.94 16.80 16.66 16.52 16.40 16.27 16.15 16.04 15.93 15.83 15.73 15.64 15.55 15.47 15.39 15.32 15.25 15.18 15.12 15.07 15.02 14.97 14.93 14.88 14.85 14.81 14.78 14.75 14.72 14.70 14.68 14.66 14.64 14.63 14.61 14.60 14.59 14.58 14.57 14.56 14.56 14.55 14.55 14.54 14.54 14.54 14.53 14.53 14.53 14.53 14.53 14.53 14.53 14.52 14.52 14.52 14.52 14.51 14.50 14.50 14.49 14.48 14.47 14.45 14.44 14.42 14.39 14.37 14.34 14.30 14.26 14.22 14.17 14.12 14.06 13.99 13.91 13.83 13.74 13.64 13.53 13.41 13.27 13.13 12.97 12.80 12.62 12.42 12.21 11.98 11.73 11.46 11.17 10.86 10.53 10.18 9.80 9.39 8.96 8.50 8.01 7.49 6.94 6.36 5.75 5.10 4.44 3.74 3.02 2.29 1.53 0.77 0.00 
20.00 19.81 19.63 19.44 19.25 19.07 18.89 18.71 18.53 18.36 18.19 18.02 17.85 17.69 17.54 17.39 17.24 17.10 16.96 16.82 16.70 16.57 16.45 16.34 16.23 16.13 16.03 15.94 15.85 15.77 15.69 15.62 15.55 15.48 15.42 15.36 15.31 15.26 15.22 15.17 15.14 15.10 15.07 15.04 15.01 14.98 14.96 14.94 14.92 14.90 14.89 14.88 14.86 14.85 14.84 14.84 14.83 14.82 14.82 14.81 14.81 14.81 14.80 14.80 14.80 14.80 14.80 14.79 14.79 14.79 14.79 14.79 14.78 14.78 14.77 14.77 14.76 14.75 14.74 14.73 14.72 14.70 14.68 14.66 14.63 14.60 14.57 14.53 14.49 14.44 14.39 14.33 14.26 14.19 14.11 14.02 13.92 13.81 13.70 13.57 13.43 13.28 13.11 12.94 12.74 12.53 12.31 12.06 11.80 11.52 11.21 10.88 10.53 10.15 9.75 9.31 8.85 8.35 7.82 7.26 6.66 6.03 5.37 4.67 3.94 3.19 2.41 1.62 0.81 0.00 
20.00 19.82 19.65 19.47 19.29 19.12 18.95 18.78 18.61 18.45 18.28 18.12 17.97 17.82 17.67 17.53 17.39 17.25 17.12 16.99 16.87 16.76 16.64 16.54 16.43 16.34 16.24 16.16 16.07 15.99 15.92 15.85 15.78 15.72 15.67 15.61 15.56 15.52 15.47 15.43 15.40 15.36 15.33 15.30 15.27 15.25 15.23 15.21 15.19 15.18 15.16 15.15 15.14 15.13 15.12 15.11 15.10 15.10 15.09 15.09 15.08 15.08 15.08 15.08 15.07 15.07 15.07 15.07 15.07 15.06 15.06 15.06 15.06 15.05 15.05 15.04 15.03 15.03 15.01 15.00 14.99 14.97 14.95 14.93 14.91 14.88 14.85 14.81 14.77 14.72 14.67 14.61 14.55 14.48 14.40 14.32 14.22 14.12 14.01 13.88 13.75 13.60 13.44 13.27 13.08 12.88 12.66 12.42 12.16 11.88 11.58 11.26 10.91 10.53 10.13 9.69 9.22 8.72 8.18 7.61 7.00 6.35 5.66 4.93 4.17 3.38 2.56 1.72 0.86 0.00 
20.00 19.83 19.67 19.50 19.34 19.17 19.01 18.85 18.69 18.54 18.38 18.23 18.09 17.94 17.80 17.67 17.54 17.41 17.29 17.17 17.05 16.94 16.84 16.74 16.64 16.55 16.46 16.38 16.30 16.23 16.16 16.09 16.03 15.97 15.92 15.87 15.82 15.78 15.73 15.70 15.66 15.63 15.60 15.57 15.55 15.53 15.51 15.49 15.47 15.46 15.44 15.43 15.42 15.41 15.40 15.39 15.39 15.38 15.38 15.37 15.37 15.37 15.36 15.36 15.36 15.36 15.35 15.35 15.35 15.35 15.35 15.34 15.34 15.34 15.33 15.32 15.32 15.31 15.30 15.29 15.27 15.26 15.24 15.22 15.19 15.17 15.13 15.10 15.06 15.02 14.97 14.91 14.85 14.78 14.71 14.63 14.54 14.44 14.33 14.21 14.08 13.94 13.79 13.62 13.44 13.24 13.03 12.80 12.55 12.27 11.98 11.66 11.32 10.94 10.54 10.11 9.64 9.13 8.59 8.00 7.37 6.70 5.99 5.23 4.43 3.60 2.73 1.84 0.92 0.00 
20.00 19.84 19.69 19.53 19.38 19.22 19.07 18.92 18.77 18.63 18.49 18.35 18.21 18.07 17.94 17.82 17.69 17.57 17.46 17.35 17.24 17.14 17.04 16.95 16.85 16.77 16.69 16.61 16.54 16.47 16.40 16.34 16.28 16.23 16.18 16.13 16.08 16.04 16.01 15.97 15.94 15.91 15.88 15.85 15.83 15.81 15.79 15.77 15.76 15.74 15.73 15.72 15.71 15.70 15.69 15.69 15.68 15.67 15.67 15.66 15.66 15.66 15.66 15.65 15.65 15.65 15.65 15.65 15.64 15.64 15.64 15.63 15.63 15.63 15.62 15.62 15.61 15.60 15.59 15.58 15.57 15.55 15.53 15.51 15.49 15.46 15.43 15.40 15.36 15.32 15.27 15.22 15.16 15.10 15.03 14.95 14.86 14.77 14.67 14.55 14.43 14.30 14.15 13.99 13.81 13.62 13.42 13.20 12.95 12.69 12.40 12.09 11.75 11.39 10.99 10.56 10.09 9.58 9.03 8.44 7.79 7.10 6.36 5.57 4.73 3.85 2.93 1.97 0.99 0.00 
20.00 19.85 19.71 19.56 19.42 19.28 19.14 19.00 18.86 18.72 18.59 18.46 18.33 18.21 18.09 17.97 17.85 17.74 17.64 17.53 17.43 17.34 17.25 17.16 17.07 16.99 16.92 16.85 16.78 16.71 16.65 16.59 16.54 16.49 16.44 16.40 16.36 16.32 16.28 16.25 16.22 16.19 16.17 16.14 16.12 16.10 16.08 16.07 16.05 16.04 16.03 16.02 16.01 16.00 15.99 15.98 15.98 15.97 15.97 15.97 15.96 15.96 15.96 15.95 15.95 15.95 15.95 15.95 15.94 15.94 15.94 15.94 15.93 15.93 15.92 15.92 15.91 15.90 15.89 15.88 15.87 15.85 15.84 15.82 15.80 15.77 15.74 15.71 15.67 15.64 15.59 15.54 15.49 15.43 15.36 15.29 15.20 15.12 15.02 14.91 14.79 14.67 14.53 14.37 14.21 14.03 13.83 13.62 13.38 13.13 12.85 12.55 12.22 11.86 11.47 11.04 10.58 10.07 9.52 8.92 8.26 7.55 6.79 5.96 5.08 4.14 3.15 2.13 1.07 0.00 
20.00 19.87 19.73 19.60 19.46 19.33 19.20 19.07 18.95 18.82 18.70 18.58 18.46 18.35 18.23 18.12 18.02 17.92 17.82 17.72 17.63 17.54 17.46 17.37 17.30 17.22 17.15 17.09 17.02 16.96 16.91 16.85 16.80 16.76 16.71 16.67 16.64 16.60 16.57 16.54 16.51 16.48 16.46 16.44 16.42 16.40 16.38 16.37 16.35 16.34 16.33 16.32 16.31 16.30 16.30 16.29 16.29 16.28 16.28 16.27 16.27 16.27 16.26 16.26 16.26 16.26 16.26 16.25 16.25 16.25 16.25 16.24 16.24 16.24 16.23 16.23 16.22 16.21 16.20 16.19 16.18 16.17 16.15 16.13 16.11 16.09 16.06 16.03 16.00 15.96 15.92 15.87 15.82 15.76 15.70 15.63 15.56 15.47 15.38 15.28 15.17 15.05 14.92 14.78 14.62 14.45 14.26 14.06 13.83 13.59 13.33 13.04 12.72 12.37 11.99 11.57 11.11 10.61 10.06 9.45 8.79 8.06 7.27 6.41 5.48 4.48 3.42 2.31 1.17 0.00 
20.00 19.88 19.75 19.63 19.51 19.39 19.27 19.15 19.04 18.92 18.81 18.70 18.59 18.49 18.38 18.28 18.19 18.09 18.00 17.91 17.83 17.75 17.67 17.60 17.53 17.46 17.39 17.33 17.28 17.22 17.17 17.12 17.08 17.03 16.99 16.96 16.92 16.89 16.86 16.83 16.80 16.78 16.76 16.74 16.72 16.70 16.69 16.68 16.66 16.65 16.64 16.63 16.62 16.62 16.61 16.61 16.60 16.60 16.59 16.59 16.59 16.58 16.58 16.58 16.58 16.57 16.57 16.57 16.57 16.57 16.56 16.56 16.56 16.55 16.55 16.54 16.54 16.53 16.52 16.51 16.50 16.49 16.47 16.45 16.44 16.41 16.39 16.36 16.33 16.30 16.26 16.21 16.17 16.11 16.06 15.99 15.92 15.84 15.76 15.67 15.56 15.45 15.33 15.19 15.05 14.89 14.71 14.52 14.31 14.08 13.83 13.55 13.25 12.91 12.55 12.14 11.69 11.20 10.65 10.05 9.38 8.64 7.82 6.92 5.94 4.88 3.74 2.53 1.28 0.00 
20.00 19.89 19.78 19.67 19.56 19.45 19.34 19.23 19.13 19.02 18.92 18.82 18.72 18.63 18.54 18.45 18.36 18.27 18.19 18.11 18.03 17.96 17.89 17.82 17.76 17.70 17.64 17.59 17.53 17.48 17.44 17.39 17.35 17.31 17.28 17.24 17.21 17.18 17.15 17.13 17.11 17.08 17.07 17.05 17.03 17.02 17.00 16.99 16.98 16.97 16.96 16.95 16.94 16.94 16.93 16.93 16.92 16.92 16.91 16.91 16.91 16.90 16.90 16.90 16.90 16.90 16.89 16.89 16.89 16.89 16.89 16.88 16.88 16.88 16.87 16.87 16.86 16.85 16.85 16.84 16.83 16.82 16.80 16.79 16.77 16.75 16.73 16.70 16.67 16.64 16.60 16.57 16.52 16.47 16.42 16.36 16.30 16.23 16.15 16.06 15.97 15.86 15.75 15.63 15.49 15.34 15.18 15.00 14.81 14.59 14.35 14.09 13.81 13.49 13.14 12.75 12.32 11.84 11.30 10.71 10.04 9.29 8.45 7.52 6.49 5.36 4.12 2.81 1.42 0.00 
20.00 19.90 19.80 19.70 19.60 19.51 19.41 19.31 19.22 19.13 19.04 18.95 18.86 18.77 18.69 18.61 18.53 18.46 18.38 18.31 18.24 18.18 18.12 18.06 18.00 17.94 17.89 17.84 17.79 17.75 17.71 17.67 17.63 17.60 17.57 17.54 17.51 17.48 17.46 17.43 17.41 17.39 17.38 17.36 17.35 17.33 17.32 17.31 17.30 17.29 17.28 17.27 17.27 17.26 17.26 17.25 17.25 17.24 17.24 17.24 17.24 17.23 17.23 17.23 17.23 17.23 17.22 17.22 17.22 17.22 17.22 17.21 17.21 17.21 17.20 17.20 17.19 17.19 17.18 17.17 17.16 17.15 17.14 17.12 17.11 17.09 17.07 17.05 17.02 16.99 16.96 16.92 16.89 16.84 16.79 16.74 16.68 16.62 16.55 16.47 16.38 16.29 16.19 16.07 15.95 15.81 15.67 15.50 15.32 15.12 14.91 14.67 14.40 14.10 13.77 13.41 13.00 12.54 12.02 11.44 10.78 10.03 9.18 8.22 7.14 5.93 4.60 3.14 1.60 0.00 
20.00 19.91 19.82 19.74 19.65 19.57 19.48 19.40 19.31 19.23 19.15 19.07 19.00 18.92 18.85 18.78 18.71 18.64 18.58 18.52 18.46 18.40 18.34 18.29 18.24 18.19 18.15 18.10 18.06 18.02 17.99 17.95 17.92 17.89 17.86 17.83 17.81 17.79 17.76 17.74 17.73 17.71 17.69 17.68 17.67 17.65 17.64 17.63 17.62 17.62 17.61 17.60 17.60 17.59 17.59 17.58 17.58 17.58 17.57 17.57 17.57 17.57 17.56 17.56 17.56 17.56 17.56 17.56 17.55 17.55 17.55 17.55 17.55 17.54 17.54 17.53 17.53 17.52 17.52 17.51 17.50 17.49 17.48 17.47 17.45 17.44 17.42 17.40 17.38 17.35 17.32 17.29 17.26 17.22 17.18 17.13 17.08 17.02 16.96 16.89 16.81 16.73 16.64 16.53 16.42 16.30 16.17 16.02 15.86 15.68 15.48 15.26 15.02 14.75 14.45 14.11 13.72 13.29 12.80 12.24 11.60 10.87 10.02 9.05 7.92 6.64 5.18 3.57 1.82 0.00 
20.00 19.92 19.85 19.77 19.70 19.63 19.55 19.48 19.41 19.34 19.27 19.20 19.14 19.07 19.01 18.95 18.89 18.83 18.78 18.72 18.67 18.62 18.57 18.53 18.48 18.44 18.40 18.37 18.33 18.30 18.27 18.24 18.21 18.18 18.16 18.13 18.11 18.09 18.07 18.06 18.04 18.03 18.01 18.00 17.99 17.98 17.97 17.96 17.96 17.95 17.94 17.94 17.93 17.93 17.92 17.92 17.92 17.91 17.91 17.91 17.91 17.90 17.90 17.90 17.90 17.90 17.90 17.90 17.89 17.89 17.89 17.89 17.89 17.88 17.88 17.88 17.87 17.87 17.86 17.86 17.85 17.84 17.83 17.82 17.81 17.79 17.78 17.76 17.74 17.72 17.69 17.67 17.64 17.60 17.56 17.52 17.48 17.43 17.37 17.31 17.25 17.17 17.09 17.01 16.91 16.80 16.69 16.56 16.41 16.26 16.08 15.89 15.67 15.43 15.16 14.85 14.50 14.11 13.65 13.13 12.53 11.82 10.99 10.02 8.87 7.51 5.93 4.13 2.12 0.00 
20.00 19.94 19.87 19.81 19.75 19.69 19.63 19.57 19.51 19.45 19.39 19.33 19.28 19.22 19.17 19.12 19.07 19.02 18.98 18.93 18.89 18.85 18.81 18.77 18.73 18.70 18.66 18.63 18.60 18.58 18.55 18.52 18.50 18.48 18.46 18.44 18.42 18.41 18.39 18.38 18.36 18.35 18.34 18.33 18.32 18.31 18.30 18.30 18.29 18.28 18.28 18.27 18.27 18.27 18.26 18.26 18.26 18.25 18.25 18.25 18.25 18.25 18.25 18.24 18.24 18.24 18.24 18.24 18.24 18.24 18.24 18.23 18.23 18.23 18.23 18.22 18.22 18.22 18.21 18.21 18.20 18.19 18.18 18.17 18.16 18.15 18.14 18.12 18.11 18.09 18.07 18.05 18.02 17.99 17.96 17.93 17.89 17.85 17.80 17.75 17.69 17.63 17.56 17.49 17.41 17.32 17.22 17.11 16.99 16.85 16.70 16.53 16.35 16.14 15.90 15.63 15.33 14.98 14.57 14.10 13.55 12.89 12.11 11.16 10.01 8.61 6.91 4.88 2.54 0.00 
20.00 19.95 19.90 19.85 19.80 19.75 19.70 19.65 19.60 19.56 19.51 19.46 19.42 19.38 19.34 19.29 19.25 19.22 19.18 19.14 19.11 19.07 19.04 19.01 18.98 18.96 18.93 18.90 18.88 18.86 18.84 18.82 18.80 18.78 18.76 18.75 18.73 18.72 18.71 18.70 18.69 18.68 18.67 18.66 18.65 18.64 18.64 18.63 18.63 18.62 18.62 18.62 18.61 18.61 18.61 18.60 18.60 18.60 18.60 18.60 18.59 18.59 18.59 18.59 18.59 18.59 18.59 18.59 18.59 18.59 18.58 18.58 18.58 18.58 18.58 18.57 18.57 18.57 18.56 18.56 18.55 18.55 18.54 18.53 18.53 18.52 18.51 18.49 18.48 18.47 18.45 18.43 18.41 18.39 18.36 18.33 18.30 18.27 18.23 18.19 18.15 18.10 18.04 17.98 17.91 17.84 17.76 17.67 17.57 17.46 17.34 17.20 17.05 16.87 16.68 16.45 16.20 15.90 15.56 15.16 14.67 14.09 13.39 12.51 11.41 10.01 8.22 5.95 3.17 0.00 
20.00 19.96 19.92 19.89 19.85 19.81 19.77 19.74 19.70 19.67 19.63 19.60 19.56 19.53 19.50 19.47 19.44 19.41 19.38 19.36 19.33 19.30 19.28 19.26 19.24 19.21 19.19 19.18 19.16 19.14 19.13 19.11 19.10 19.08 19.07 19.06 19.05 19.04 19.03 19.02 19.01 19.00 19.00 18.99 18.99 18.98 18.98 18.97 18.97 18.96 18.96 18.96 18.96 18.95 18.95 18.95 18.95 18.95 18.95 18.94 18.94 18.94 18.94 18.94 18.94 18.94 18.94 18.94 18.94 18.94 18.94 18.93 18.93 18.93 18.93 18.93 18.93 18.92 18.92 18.92 18.91 18.91 18.90 18.90 18.89 18.88 18.88 18.87 18.86 18.85 18.83 18.82 18.80 18.79 18.77 18.75 18.72 18.70 18.67 18.64 18.60 18.57 18.52 18.48 18.43 18.37 18.31 18.24 18.17 18.08 17.99 17.88 17.77 17.63 17.48 17.31 17.11 16.88 16.61 16.29 15.90 15.42 14.83 14.08 13.10 11.79 10.00 7.54 4.19 0.00 
20.00 19.97 19.95 19.92 19.90 19.87 19.85 19.82 19.80 19.78 19.75 19.73 19.71 19.69 19.67 19.65 19.63 19.61 19.59 19.57 19.55 19.54 19.52 19.50 19.49 19.48 19.46 19.45 19.44 19.43 19.42 19.41 19.40 19.39 19.38 19.37 19.36 19.36 19.35 19.35 19.34 19.34 19.33 19.33 19.32 19.32 19.32 19.31 19.31 19.31 19.31 19.30 19.30 19.30 19.30 19.30 19.30 19.30 19.30 19.30 19.29 19.29 19.29 19.29 19.29 19.29 19.29 19.29 19.29 19.29 19.29 19.29 19.29 19.29 19.29 19.28 19.28 19.28 19.28 19.28 19.27 19.27 19.27 19.26 19.26 19.25 19.25 19.24 19.24 19.23 19.22 19.21 19.20 19.19 19.18 19.16 19.15 19.13 19.11 19.09 19.07 19.04 19.01 18.98 18.95 18.91 18.87 18.82 18.77 18.72 18.65 18.58 18.50 18.41 18.31 18.19 18.05 17.90 17.71 17.48 17.21 16.87 16.44 15.88 15.12 14.05 12.47 10.00 6.05 0.00 
20.00 19.99 19.97 19.96 19.95 19.94 19.92 19.91 19.90 19.89 19.88 19.87 19.85 19.84 19.83 19.82 19.81 19.80 19.79 19.78 19.78 19.77 19.76 19.75 19.74 19.74 19.73 19.72 19.72 19.71 19.71 19.70 19.70 19.69 19.69 19.69 19.68 19.68 19.68 19.67 19.67 19.67 19.67 19.66 19.66 19.66 19.66 19.66 19.66 19.65 19.65 19.65 19.65 19.65 19.65 19.65 19.65 19.65 19.65 19.65 19.65 19.65 19.65 19.65 19.65 19.65 19.65 19.65 19.64 19.64 19.64 19.64 19.64 19.64 19.64 19.64 19.64 19.64 19.64 19.64 19.64 19.64 19.63 19.63 19.63 19.63 19.62 19.62 19.62 19.61 19.61 19.61 19.60 19.59 19.59 19.58 19.57 19.56 19.55 19.54 19.53 19.52 19.51 19.49 19.47 19.45 19.43 19.41 19.38 19.36 19.32 19.29 19.25 19.20 19.15 19.09 19.02 18.94 18.84 18.73 18.59 18.41 18.18 17.88 17.46 16.83 15.81 13.95 10.00 0.00 
20.00 20.00 20.00 20.00 20.00 20.00 20.00 20.00 20.00 20.00 20.00 20.00 20.00 20.00 20.00 20.00 20.00 20.00 20.00 20.00 20.00 20.00 20.00 20.00 20.00 20.00 20.00 20.00 20.00 20.00 20.00 20.00 20.00 20.00 20.00 20.00 20.00 20.00 20.00 20.00 20.00 20.00 20.00 20.00 20.00 20.00 20.00 20.00 20.00 20.00 20.00 20.00 20.00 20.00 20.00 20.00 20.00 20.00 20.00 20.00 20.00 20.00 20.00 20.00 20.00 20.00 20.00 20.00 20.00 20.00 20.00 20.00 20.00 20.00 20.00 20.00 20.00 20.00 20.00 20.00 20.00 20.00 20.00 20.00 20.00 20.00 20.00 20.00 20.00 20.00 20.00 20.00 20.00 20.00 20.00 20.00 20.00 20.00 20.00 20.00 20.00 20.00 20.00 20.00 20.00 20.00 20.00 20.00 20.00 20.00 20.00 20.00 20.00 20.00 20.00 20.00 20.00 20.00 20.00 20.00 20.00 20.00 20.00 20.00 20.00 20.00 20.00 20.00 20.00 0.00 
