Jacobi
N: 16
Iterations: 1000
Distance: 0.000000057759204097
20.00 20.00 20.00 20.00 20.00 20.00 20.00 20.00 20.00 20.00 20.00 20.00 20.00 20.00 20.00 20.00 20.00 20.00 
20.00 19.96 19.91 19.86 19.80 19.73 19.64 19.53 19.39 19.20 18.95 18.60 18.11 17.40 16.26 14.27 10.16 0.00 
20.00 19.91 19.82 19.72 19.60 19.47 19.30 19.09 18.82 18.46 17.99 17.34 16.46 15.21 13.39 10.65 6.38 0.00 
20.00 19.87 19.74 19.60 19.43 19.24 19.00 18.71 18.33 17.84 17.20 16.33 15.17 13.59 11.45 8.55 4.71 0.00 
20.00 19.84 19.68 19.50 19.29 19.05 18.77 18.41 17.96 17.38 16.62 15.62 14.29 12.53 10.26 7.38 3.91 0.00 
20.00 19.82 19.63 19.42 19.19 18.92 18.60 18.21 17.72 17.10 16.29 15.24 13.84 12.00 9.67 6.82 3.54 0.00 
20.00 19.80 19.59 19.37 19.12 18.83 18.50 18.10 17.61 17.00 16.22 15.19 13.82 11.97 9.58 6.69 3.44 0.00 
20.00 19.79 19.57 19.34 19.09 18.80 18.47 18.08 17.62 17.07 16.39 15.50 14.28 12.47 10.00 6.93 3.54 0.00 
20.00 19.79 19.57 19.34 19.08 18.80 18.49 18.13 17.73 17.27 16.75 16.15 15.32 13.64 11.00 7.50 3.78 0.00 
20.00 19.79 19.58 19.36 19.11 18.85 18.55 18.23 17.89 17.53 17.21 17.02 17.21 15.77 12.85 8.29 4.09 0.00 
20.00 19.80 19.60 19.39 19.16 18.92 18.65 18.35 18.05 17.76 17.54 17.52 17.97 16.61 13.58 8.72 4.28 0.00 
20.00 19.82 19.64 19.44 19.23 19.01 18.76 18.49 18.20 17.92 17.66 17.54 17.78 16.35 13.39 8.71 4.33 0.00 
20.00 19.84 19.68 19.51 19.32 19.12 18.89 18.64 18.36 18.04 17.66 17.20 16.48 14.84 12.14 8.42 4.31 0.00 
20.00 19.87 19.73 19.59 19.43 19.25 19.06 18.83 18.55 18.21 17.76 17.11 16.09 14.41 11.90 8.53 4.49 0.00 
20.00 19.90 19.79 19.68 19.55 19.41 19.25 19.06 18.81 18.49 18.05 17.39 16.37 14.81 12.52 9.32 5.11 0.00 
20.00 19.93 19.86 19.78 19.69 19.59 19.48 19.34 19.15 18.90 18.55 18.02 17.20 15.95 14.04 11.12 6.63 0.00 
20.00 19.96 19.93 19.89 19.84 19.79 19.73 19.66 19.56 19.42 19.22 18.93 18.47 17.75 16.57 14.49 10.28 0.00 
20.00 20.00 20.00 20.00 20.00 20.00 20.00 20.00 20.00 20.00 20.00 20.00 20.00 20.00 20.00 20.00 20.00 0.00 
