Jacobi
N: 32
Iterations: 1000
Distance: 0.008960648835027523
20.00 20.00 20.00 20.00 20.00 20.00 20.00 20.00 20.00 20.00 20.00 20.00 20.00 20.00 20.00 20.00 20.00 20.00 20.00 20.00 20.00 20.00 20.00 20.00 20.00 20.00 20.00 20.00 20.00 20.00 20.00 20.00 20.00 20.00 
20.00 19.99 19.97 19.96 19.95 19.93 19.92 19.90 19.88 19.86 19.84 19.82 19.79 19.76 19.73 19.69 19.65 19.60 19.54 19.47 19.40 19.30 19.19 19.06 18.89 18.69 18.44 18.11 17.65 16.99 15.93 14.03 10.04 0.00 
20.00 19.97 19.95 19.92 19.89 19.87 19.84 19.80 19.77 19.73 19.69 19.64 19.59 19.53 19.47 19.39 19.31 19.21 19.09 18.96 18.80 18.62 18.40 18.14 17.83 17.44 16.95 16.33 15.51 14.37 12.71 10.16 6.13 0.00 
20.00 19.96 19.92 19.88 19.84 19.80 19.76 19.71 19.66 19.60 19.54 19.47 19.40 19.31 19.21 19.10 18.98 18.83 18.67 18.47 18.24 17.97 17.66 17.28 16.83 16.28 15.61 14.77 13.68 12.27 10.37 7.78 4.31 0.00 
20.00 19.95 19.90 19.85 19.80 19.74 19.68 19.62 19.55 19.48 19.40 19.31 19.21 19.10 18.97 18.83 18.67 18.48 18.26 18.01 17.72 17.38 16.97 16.50 15.93 15.25 14.43 13.43 12.20 10.65 8.71 6.28 3.34 0.00 
20.00 19.94 19.88 19.81 19.75 19.68 19.61 19.53 19.45 19.36 19.27 19.16 19.04 18.90 18.75 18.58 18.38 18.16 17.90 17.60 17.25 16.84 16.36 15.80 15.14 14.37 13.44 12.34 11.02 9.43 7.54 5.31 2.76 0.00 
20.00 19.93 19.86 19.78 19.71 19.63 19.54 19.46 19.36 19.26 19.14 19.02 18.88 18.73 18.55 18.36 18.13 17.87 17.58 17.23 16.84 16.37 15.84 15.21 14.48 13.62 12.63 11.46 10.10 8.52 6.70 4.65 2.39 0.00 
20.00 19.92 19.84 19.75 19.67 19.58 19.48 19.38 19.28 19.16 19.03 18.90 18.74 18.57 18.38 18.16 17.91 17.63 17.30 16.92 16.49 15.99 15.40 14.72 13.94 13.03 11.98 10.78 9.41 7.85 6.11 4.19 2.14 0.00 
20.00 19.91 19.82 19.73 19.63 19.53 19.43 19.32 19.20 19.08 18.94 18.79 18.62 18.44 18.23 17.99 17.73 17.42 17.08 16.68 16.21 15.68 15.06 14.34 13.52 12.57 11.49 10.27 8.89 7.37 5.69 3.88 1.97 0.00 
20.00 19.90 19.80 19.70 19.60 19.50 19.38 19.26 19.14 19.00 18.86 18.70 18.52 18.32 18.11 17.86 17.58 17.27 16.91 16.49 16.01 15.46 14.81 14.07 13.22 12.25 11.15 9.91 8.54 7.03 5.40 3.67 1.85 0.00 
20.00 19.90 19.79 19.69 19.58 19.46 19.34 19.22 19.09 18.94 18.79 18.62 18.44 18.24 18.01 17.76 17.48 17.16 16.79 16.37 15.89 15.32 14.67 13.92 13.05 12.06 10.94 9.69 8.31 6.82 5.22 3.53 1.78 0.00 
20.00 19.89 19.78 19.67 19.55 19.44 19.31 19.18 19.04 18.90 18.74 18.57 18.38 18.18 17.95 17.70 17.42 17.10 16.73 16.32 15.84 15.28 14.63 13.87 13.00 11.99 10.86 9.60 8.21 6.72 5.12 3.46 1.74 0.00 
20.00 19.89 19.77 19.66 19.54 19.41 19.29 19.15 19.01 18.86 18.70 18.53 18.34 18.14 17.91 17.66 17.39 17.08 16.73 16.33 15.87 15.33 14.70 13.95 13.08 12.06 10.91 9.63 8.22 6.71 5.11 3.44 1.73 0.00 
20.00 19.88 19.77 19.65 19.53 19.40 19.27 19.13 18.99 18.84 18.68 18.50 18.32 18.12 17.90 17.66 17.40 17.11 16.78 16.41 15.98 15.48 14.88 14.16 13.29 12.27 11.10 9.78 8.33 6.78 5.15 3.47 1.74 0.00 
20.00 19.88 19.76 19.64 19.52 19.39 19.26 19.12 18.98 18.83 18.67 18.50 18.31 18.12 17.91 17.68 17.44 17.17 16.88 16.55 16.17 15.73 15.19 14.51 13.66 12.64 11.44 10.07 8.55 6.94 5.26 3.53 1.77 0.00 
20.00 19.88 19.76 19.64 19.51 19.39 19.26 19.12 18.98 18.83 18.67 18.50 18.32 18.14 17.94 17.73 17.50 17.27 17.01 16.73 16.43 16.07 15.63 15.02 14.22 13.19 11.94 10.49 8.87 7.17 5.41 3.62 1.81 0.00 
20.00 19.88 19.76 19.64 19.52 19.39 19.26 19.12 18.98 18.83 18.68 18.52 18.35 18.17 17.98 17.79 17.59 17.38 17.17 16.95 16.74 16.51 16.24 15.75 14.99 13.96 12.65 11.08 9.29 7.44 5.59 3.72 1.86 0.00 
20.00 19.88 19.76 19.64 19.52 19.40 19.27 19.13 18.99 18.85 18.70 18.54 18.38 18.21 18.04 17.86 17.67 17.50 17.33 17.17 17.06 17.00 17.07 16.73 16.03 15.00 13.63 11.90 9.76 7.73 5.77 3.83 1.91 0.00 
20.00 19.88 19.77 19.65 19.53 19.41 19.28 19.15 19.02 18.88 18.73 18.58 18.42 18.26 18.09 17.93 17.76 17.61 17.47 17.36 17.32 17.37 17.59 17.34 16.68 15.65 14.23 12.41 10.11 7.97 5.92 3.93 1.96 0.00 
20.00 19.89 19.77 19.66 19.54 19.42 19.30 19.17 19.04 18.91 18.77 18.62 18.47 18.32 18.16 18.00 17.85 17.70 17.58 17.50 17.48 17.57 17.84 17.62 16.98 15.95 14.51 12.65 10.30 8.11 6.02 3.99 1.99 0.00 
20.00 19.89 19.78 19.67 19.56 19.44 19.32 19.20 19.08 18.95 18.81 18.67 18.52 18.38 18.22 18.07 17.92 17.78 17.66 17.57 17.54 17.60 17.83 17.59 16.94 15.91 14.48 12.64 10.32 8.15 6.07 4.03 2.01 0.00 
20.00 19.90 19.79 19.68 19.58 19.47 19.35 19.24 19.12 18.99 18.86 18.73 18.59 18.44 18.29 18.14 17.99 17.84 17.70 17.58 17.50 17.47 17.56 17.24 16.55 15.52 14.14 12.39 10.20 8.12 6.07 4.04 2.02 0.00 
20.00 19.90 19.80 19.70 19.60 19.49 19.39 19.28 19.16 19.04 18.92 18.79 18.65 18.51 18.36 18.21 18.05 17.89 17.73 17.56 17.40 17.22 16.98 16.52 15.78 14.76 13.44 11.83 9.97 8.04 6.06 4.06 2.03 0.00 
20.00 19.91 19.81 19.72 19.62 19.53 19.42 19.32 19.21 19.10 18.98 18.86 18.73 18.59 18.44 18.29 18.13 17.95 17.76 17.55 17.31 17.02 16.63 16.07 15.30 14.28 13.02 11.53 9.83 8.00 6.08 4.09 2.06 0.00 
20.00 19.91 19.83 19.74 19.65 19.56 19.47 19.37 19.27 19.16 19.05 18.93 18.81 18.68 18.53 18.38 18.21 18.02 17.81 17.57 17.28 16.92 16.46 15.84 15.05 14.05 12.84 11.42 9.82 8.05 6.16 4.16 2.10 0.00 
20.00 19.92 19.84 19.76 19.68 19.60 19.51 19.42 19.33 19.23 19.13 19.02 18.90 18.78 18.64 18.49 18.32 18.12 17.90 17.64 17.32 16.93 16.43 15.80 15.01 14.04 12.88 11.51 9.96 8.23 6.34 4.31 2.18 0.00 
20.00 19.93 19.86 19.79 19.72 19.64 19.56 19.48 19.40 19.31 19.22 19.12 19.01 18.89 18.76 18.61 18.45 18.25 18.03 17.76 17.44 17.04 16.54 15.92 15.15 14.22 13.11 11.80 10.29 8.57 6.66 4.56 2.32 0.00 
20.00 19.94 19.88 19.81 19.75 19.69 19.62 19.55 19.47 19.39 19.31 19.22 19.12 19.01 18.89 18.76 18.60 18.42 18.20 17.95 17.63 17.24 16.77 16.18 15.46 14.58 13.53 12.28 10.82 9.11 7.15 4.95 2.54 0.00 
20.00 19.95 19.90 19.84 19.79 19.73 19.68 19.62 19.55 19.48 19.41 19.33 19.25 19.15 19.05 18.93 18.78 18.62 18.42 18.19 17.90 17.54 17.11 16.58 15.92 15.12 14.16 12.99 11.59 9.90 7.90 5.55 2.88 0.00 
20.00 19.96 19.92 19.87 19.83 19.78 19.74 19.69 19.64 19.58 19.52 19.46 19.38 19.31 19.22 19.11 18.99 18.85 18.68 18.48 18.23 17.93 17.55 17.09 16.53 15.84 14.98 13.93 12.63 11.01 8.99 6.47 3.43 0.00 
20.00 19.97 19.94 19.90 19.87 19.84 19.80 19.76 19.72 19.68 19.64 19.59 19.53 19.47 19.40 19.32 19.22 19.11 18.98 18.82 18.62 18.38 18.08 17.72 17.26 16.71 16.01 15.13 14.00 12.53 10.57 7.92 4.38 0.00 
20.00 19.98 19.96 19.94 19.91 19.89 19.87 19.84 19.81 19.78 19.75 19.72 19.68 19.64 19.59 19.54 19.47 19.39 19.30 19.19 19.05 18.89 18.68 18.43 18.11 17.71 17.22 16.57 15.72 14.54 12.84 10.25 6.17 0.00 
20.00 19.99 19.98 19.97 19.96 19.94 19.93 19.92 19.91 19.89 19.88 19.86 19.84 19.82 19.79 19.77 19.73 19.69 19.65 19.59 19.52 19.43 19.33 19.20 19.03 18.83 18.57 18.22 17.75 17.07 16.00 14.08 10.06 0.00 
20.00 20.00 20.00 20.00 20.00 20.00 20.00 20.00 20.00 20.00 20.00 20.00 20.00 20.00 20.00 20.00 20.00 20.00 20.00 20.00 20.00 20.00 20.00 20.00 20.00 20.00 20.00 20.00 20.00 20.00 20.00 20.00 20.00 0.00 
