Jacobi
N: 8
Iterations: 564
Distance: 0.000000000000000000
20.00 20.00 20.00 20.00 20.00 20.00 20.00 20.00 20.00 20.00 
20.00 19.80 19.57 19.27 18.83 18.15 16.99 14.86 10.50 0.00 
20.00 19.64 19.22 18.68 17.92 16.77 14.94 11.96 7.13 0.00 
20.00 19.53 18.99 18.31 17.39 16.06 14.05 10.92 6.07 0.00 
20.00 19.48 18.90 18.19 17.27 16.02 14.28 11.60 6.23 0.00 
20.00 19.50 18.94 18.28 17.46 16.48 15.46 14.96 7.24 0.00 
20.00 19.57 19.09 18.52 17.83 16.99 16.10 15.66 7.76 0.00 
20.00 19.68 19.33 18.90 18.34 17.55 16.30 13.94 8.16 0.00 
20.00 19.83 19.64 19.40 19.08 18.56 17.62 15.63 10.95 0.00 
20.00 20.00 20.00 20.00 20.00 20.00 20.00 20.00 20.00 0.00 
