0.020000
0.020000
0.020000
0.010000
0.020000
0.020000
0.010000
0.020000
0.020000
0.020000
0.010000
0.020000
0.020000
0.010000
0.020000
0.020000
0.010000
0.020000
0.020000
0.010000
0.020000
0.020000
0.010000
0.020000
0.020000
0.020000
0.010000
0.020000
0.020000
0.010000
0.020000
0.020000
0.010000
0.020000
0.020000
0.010000
0.020000
0.020000
0.010000
0.020000
0.020000
0.020000
0.010000
0.020000
0.020000
0.010000
0.020000
0.020000
0.010000
0.020000
0.020000
0.010000
0.020000
0.020000
0.010000
0.020000
0.020000
0.020000
0.010000
0.020000
0.020000
0.010000
0.020000
0.020000
0.010000
0.020000
0.020000
0.010000
0.020000
0.020000
0.010000
0.020000
0.020000
0.020000
0.010000
0.020000
0.020000
0.010000
0.020000
0.020000
0.010000
0.020000
0.020000
0.010000
0.020000
0.020000
0.010000
0.020000
0.020000
0.020000
0.010000
0.020000
0.020000
0.010000
0.020000
0.020000
0.010000
0.020000
0.020000
0.010000
0.020000
0.020000
0.010000
0.020000
0.020000
0.020000
0.010000
0.020000
0.020000
0.010000
0.020000
0.020000
0.010000
0.020000
0.020000
0.010000
0.020000
0.020000
0.020000
0.010000
0.020000
0.020000
0.010000
0.020000
0.020000
0.010000
0.020000
0.020000
0.010000
0.020000
0.020000
0.010000
0.020000
0.020000
0.010000
0.020000
0.020000
0.020000
0.010000
0.020000
0.020000
0.010000
0.020000
0.020000
0.010000
0.020000
0.020000
0.010000
0.020000
0.020000
0.020000
0.010000
0.020000
0.020000
0.010000
0.020000
0.020000
0.010000
0.020000
0.020000
0.010000
0.020000
0.020000
0.010000
0.020000
0.020000
0.020000
0.010000
0.020000
0.020000
0.010000
0.020000
0.020000
0.010000
0.020000
0.020000
0.010000
0.020000
   607.523    493.216 0 # matmult_nkm
