0.030000
0.030000
0.020000
0.020000
0.030000
0.020000
0.020000
0.030000
0.020000
0.030000
0.020000
0.020000
0.030000
0.020000
0.020000
0.030000
0.020000
0.030000
0.020000
0.020000
0.030000
0.020000
0.020000
0.030000
0.020000
0.030000
0.020000
0.030000
0.020000
0.020000
0.030000
0.020000
0.020000
0.030000
0.020000
0.030000
0.020000
0.020000
0.030000
0.020000
0.020000
0.030000
0.020000
0.020000
0.030000
0.020000
0.020000
0.030000
0.020000
0.020000
0.030000
0.020000
0.030000
0.020000
0.020000
0.030000
0.020000
0.020000
0.030000
0.020000
0.020000
0.030000
0.020000
0.020000
0.030000
0.020000
0.030000
0.020000
0.020000
0.030000
0.020000
0.020000
0.030000
0.020000
0.020000
0.030000
0.020000
0.020000
0.030000
0.020000
0.030000
0.020000
0.020000
0.030000
0.020000
0.020000
0.030000
0.020000
0.020000
0.030000
0.020000
0.030000
0.020000
0.030000
0.020000
0.020000
0.030000
0.020000
0.030000
0.020000
0.020000
0.030000
0.020000
0.030000
0.020000
0.020000
0.030000
0.020000
0.030000
0.020000
0.020000
0.030000
0.020000
0.030000
0.020000
0.020000
0.030000
0.020000
0.020000
0.030000
0.020000
0.020000
0.030000
0.020000
0.030000
0.020000
0.020000
  1361.273   1177.692 0 # matmult_knm
